      0/99    0.858G   0.03816   0.06102   0.05421    0.1534        29       640    0.5241    0.2337    0.2318    0.1385   0.03171   0.03817   0.05296
      1/99    0.837G   0.03593   0.05717   0.05429    0.1474        41       640     0.504    0.2393    0.2302    0.1376    0.0311   0.03803   0.05296
      2/99    0.837G   0.03907   0.05311   0.05592    0.1481        56       640     0.504    0.2326    0.2314    0.1381   0.03089   0.03801     0.053
      3/99    0.839G   0.03933   0.05828   0.05589    0.1535        42       640    0.4999    0.2393    0.2372    0.1412   0.03085   0.03755   0.05301
      4/99    0.839G   0.03808   0.05437   0.05515    0.1476        38       640    0.4854     0.246    0.2396    0.1401   0.03038   0.03739     0.053
      5/99    0.839G   0.03485   0.05418   0.05374    0.1428        39       640    0.4923    0.2456    0.2465    0.1447   0.03038   0.03722   0.05302
      6/99    0.839G   0.03296   0.04813   0.05449    0.1356        37       640    0.3926    0.2537     0.246    0.1463   0.03019   0.03676   0.05303
      7/99    0.839G    0.0348   0.05107   0.05368    0.1395        63       640    0.3924     0.247     0.244    0.1454   0.03004   0.03652   0.05314
      8/99    0.839G   0.03433   0.05326   0.05513    0.1427        47       640      0.38    0.2537    0.2463    0.1462   0.02975   0.03625   0.05319
      9/99    0.839G    0.0343   0.04767   0.05337    0.1353        31       640    0.3722     0.246    0.2436    0.1421   0.02982    0.0363   0.05317
     10/99    0.839G   0.03571   0.04796     0.057    0.1407        30       640    0.3792    0.2442    0.2456    0.1446   0.02992   0.03608   0.05311
     11/99    0.839G    0.0322   0.04091   0.05423    0.1273        32       640    0.2704     0.246     0.247    0.1447   0.02965   0.03581   0.05303
     12/99    0.839G   0.03111   0.04427   0.05673    0.1321        27       640      0.37     0.246    0.2452     0.142   0.02955   0.03569   0.05301
     13/99    0.839G   0.03391   0.04554   0.05404    0.1335        32       640    0.6001    0.1863    0.2453    0.1474   0.02953   0.03553   0.05302
     14/99    0.839G   0.03448   0.05074   0.05581     0.141        34       640    0.5519    0.1906    0.2494    0.1472   0.02978   0.03557   0.05307
     15/99    0.839G    0.0336   0.04463   0.05525    0.1335        22       640   0.09355     0.845    0.2509    0.1479   0.02978   0.03573   0.05309
     16/99    0.839G   0.03403   0.05255   0.05439     0.141        49       640   0.09266    0.8524    0.2405    0.1441   0.02941   0.03608    0.0532
     17/99    0.839G    0.0316   0.03969   0.05517    0.1265        41       640    0.0925    0.8256     0.245     0.148    0.0295   0.03559   0.05321
     18/99    0.839G    0.0319   0.04483   0.05388    0.1306        22       640   0.09212    0.8011    0.2476    0.1507   0.02941   0.03536   0.05328
     19/99    0.839G   0.02962   0.04005   0.05513    0.1248        47       640   0.09239     0.779    0.2487    0.1484    0.0292   0.03537   0.05328
     20/99    0.839G   0.03165   0.04637   0.05598     0.134        30       640   0.09396    0.7886    0.2438    0.1463   0.02935   0.03548   0.05327
     21/99    0.839G   0.03277   0.04532   0.05495     0.133        34       640   0.09383    0.8148    0.2412     0.147    0.0297   0.03537   0.05328
     22/99    0.839G   0.03187   0.04808   0.05347    0.1334        52       640   0.09229     0.811    0.2447     0.147   0.02998   0.03546   0.05328
     23/99    0.839G   0.03285   0.04997   0.05279    0.1356        19       640   0.09313    0.7737    0.2462    0.1458   0.02958   0.03538   0.05326
     24/99    0.839G   0.03076     0.049   0.05503    0.1348        24       640   0.09254    0.8281    0.2412    0.1444    0.0297    0.0354   0.05322
     25/99    0.839G   0.02944   0.03891   0.05393    0.1223        37       640   0.09161    0.7985    0.2349    0.1405   0.02991   0.03537   0.05325
     26/99    0.839G   0.03103   0.04905   0.05295     0.133        38       640   0.09398    0.6181    0.2338    0.1375   0.03023   0.03572   0.05319
     27/99    0.839G   0.03095   0.04349   0.05381    0.1282        37       640   0.09478    0.6096    0.2309    0.1374   0.03009   0.03582   0.05314
     28/99    0.839G   0.02945   0.04156   0.05438    0.1254        15       640   0.09622     0.603    0.2294    0.1342   0.03015   0.03603   0.05307
     29/99    0.839G   0.03323   0.04602   0.05452    0.1338        35       640    0.2017    0.5968    0.2282    0.1363   0.03119   0.03623   0.05306
     30/99    0.839G   0.03023   0.04019   0.05293    0.1234        27       640    0.1986    0.6221    0.2198    0.1322   0.03031   0.03632   0.05302
     31/99    0.839G   0.02917   0.04128   0.05281    0.1233        20       640    0.1964    0.6221    0.2223    0.1318   0.03054   0.03657   0.05299
     32/99    0.839G   0.02922   0.04455   0.05383    0.1276        49       640   0.09433    0.6455      0.22    0.1271   0.03045   0.03675   0.05299
     33/99    0.839G   0.02976   0.04006   0.05397    0.1238        34       640    0.0923    0.7489    0.2182    0.1294   0.03056   0.03656   0.05294
     34/99    0.839G   0.03055   0.04252   0.05141    0.1245        42       640    0.1943    0.6247    0.2235    0.1335   0.03074   0.03618   0.05294
     35/99    0.839G   0.03109   0.04063   0.05471    0.1264        35       640    0.1957    0.6378    0.2248     0.132   0.03084   0.03567    0.0529
     36/99    0.839G   0.03051   0.04365   0.05515    0.1293        29       640    0.1982    0.6378    0.2312    0.1393   0.03068   0.03532   0.05292
     37/99    0.839G    0.0311   0.04481   0.05364    0.1296        36       640    0.0944    0.7629    0.2301    0.1319   0.03152   0.03638   0.05298
     38/99    0.839G   0.03232   0.04707   0.05398    0.1334        37       640   0.09161    0.7789    0.2277    0.1295   0.03036   0.03619   0.05303
     39/99    0.839G   0.02955   0.04553   0.05317    0.1283        41       640    0.1979    0.6455    0.2339    0.1298   0.03154   0.03632   0.05307
     40/99    0.839G   0.03166   0.04749   0.05472    0.1339        54       640   0.09759    0.7623    0.2479     0.144   0.03153   0.03564   0.05304
     41/99    0.839G   0.02902   0.03721   0.05391    0.1201        30       640   0.09602    0.7364    0.2466    0.1454   0.03042   0.03541   0.05303
     42/99    0.839G   0.02959    0.0432   0.05433    0.1271        22       640   0.09728    0.7364    0.2371    0.1373    0.0307    0.0353   0.05308
     43/99    0.839G   0.03073    0.0401   0.05281    0.1236        34       640   0.09555    0.8079    0.2393    0.1415   0.03004   0.03532   0.05304
     44/99    0.839G   0.02791   0.03863   0.05378    0.1203        46       640   0.09827    0.7287    0.2378    0.1408   0.03012   0.03541   0.05302
     45/99    0.839G   0.02911   0.04273   0.05306    0.1249        26       640    0.2014     0.642    0.2423     0.145   0.03055   0.03535   0.05297
     46/99    0.839G   0.02912   0.03839   0.05354    0.1211        32       640     0.201    0.6462    0.2458    0.1442    0.0306   0.03536   0.05287
     47/99    0.839G   0.02851   0.04482   0.05324    0.1266        48       640   0.09757    0.8091    0.2497    0.1459   0.03056   0.03551   0.05281
     48/99    0.839G   0.03259   0.04211   0.05332     0.128        25       640    0.1005    0.7516    0.2461    0.1446   0.03146   0.03576   0.05279
     49/99    0.839G   0.02925   0.03829   0.05368    0.1212        26       640   0.09955    0.7477    0.2415    0.1396   0.03136   0.03596   0.05276
     50/99    0.839G   0.02919   0.04451   0.05289    0.1266        45       640   0.09912    0.7554    0.2429     0.141   0.03092   0.03591   0.05277
     51/99    0.839G   0.02948   0.04411   0.05334    0.1269        44       640    0.1001    0.7564    0.2476     0.144   0.03111   0.03598   0.05276
     52/99    0.839G   0.03036   0.04914   0.05371    0.1332        46       640    0.1023    0.7564    0.2545    0.1508   0.03093   0.03555   0.05274
     53/99    0.839G   0.02964   0.04253   0.05479     0.127        33       640     0.102    0.7564    0.2569    0.1492   0.03118   0.03549   0.05272
     54/99    0.839G   0.02818   0.03977   0.05323    0.1212        16       640   0.09761    0.7831     0.251    0.1445   0.03113   0.03622   0.05266
     55/99    0.839G   0.02854   0.03813   0.05209    0.1188        40       640    0.1002    0.7605    0.2515    0.1475   0.03195   0.03581    0.0526
     56/99    0.839G   0.03043   0.04398   0.05412    0.1285        45       640    0.1059    0.7525    0.2467     0.148   0.03137   0.03585   0.05254
     57/99    0.839G   0.02946   0.04347   0.05125    0.1242        55       640    0.1049    0.7525    0.2428    0.1442   0.03129   0.03628    0.0525
     58/99    0.839G   0.02759   0.04039   0.05398     0.122        36       640    0.1071    0.7448    0.2321    0.1384   0.03114   0.03631    0.0525
     59/99    0.839G   0.02701   0.03792   0.05116    0.1161        38       640    0.1075    0.7448    0.2294    0.1354   0.03149   0.03649   0.05244
     60/99    0.839G    0.0281   0.03778   0.05241    0.1183        20       640    0.1065    0.7448    0.2269    0.1331   0.03182   0.03669    0.0524
     61/99    0.839G   0.02874   0.04277   0.05335    0.1249        29       640    0.1069    0.7448    0.2278    0.1309   0.03203   0.03703   0.05236
     62/99    0.839G     0.029    0.0402   0.05278     0.122        31       640    0.1091    0.7468    0.2294    0.1306   0.03213   0.03733   0.05234
     63/99    0.839G   0.02983   0.04091   0.05433    0.1251        46       640     0.106    0.7356    0.2313    0.1294   0.03234   0.03766   0.05232
     64/99    0.839G   0.03032    0.0397    0.0528    0.1228        33       640    0.1045    0.7377    0.2294    0.1269   0.03254   0.03814   0.05232
     65/99    0.839G   0.02878   0.03893    0.0513     0.119        40       640    0.1047     0.737    0.2306    0.1302   0.03229   0.03766   0.05229
     66/99    0.839G    0.0301   0.04141   0.05301    0.1245        37       640    0.1081    0.7363    0.2333    0.1351   0.03227   0.03759    0.0523
     67/99    0.839G   0.02784    0.0402   0.05129    0.1193        35       640    0.1087    0.7322    0.2328    0.1354   0.03258   0.03751   0.05231
     68/99    0.839G   0.02853   0.04024   0.05384    0.1226        49       640     0.109    0.7636    0.2354    0.1338   0.03345   0.03742   0.05227
     69/99    0.839G   0.02998   0.03818   0.05382     0.122        38       640    0.1062     0.766    0.2415    0.1373   0.03273   0.03759    0.0522
     70/99    0.839G   0.03055   0.04351   0.05271    0.1268        47       640    0.1076    0.7709    0.2496    0.1407   0.03319   0.03767   0.05219
     71/99    0.839G    0.0293   0.04192   0.05223    0.1235        29       640    0.1076    0.7709    0.2496    0.1407   0.03319   0.03767   0.05219
     72/99    0.839G   0.03011   0.03762   0.05376    0.1215        34       640     0.107    0.7725    0.2521    0.1391   0.03395   0.03778   0.05217
     73/99    0.839G   0.03029   0.04292   0.05518    0.1284        22       640    0.1059    0.7558    0.2544    0.1377   0.03389   0.03761    0.0522
     74/99    0.839G   0.02638   0.03864    0.0512    0.1162        16       640    0.1042    0.7458    0.2524    0.1406   0.03322   0.03758   0.05219
     75/99    0.839G   0.02769   0.03566   0.05184    0.1152        35       640    0.1041    0.7555    0.2532     0.141    0.0329   0.03744   0.05214
     76/99    0.839G   0.02691   0.04052     0.053    0.1204        30       640    0.1039    0.7683    0.2493    0.1408   0.03244   0.03717   0.05212
     77/99    0.839G    0.0271   0.04166   0.05064    0.1194        30       640    0.1055    0.7752    0.2484    0.1369   0.03302   0.03751   0.05211
     78/99    0.839G   0.02788   0.04006   0.05126    0.1192        49       640    0.1058    0.7464    0.2404    0.1387   0.03252   0.03703   0.05204
     79/99    0.839G   0.02863   0.03793   0.05273    0.1193        22       640    0.1058    0.7464    0.2404    0.1387   0.03252   0.03703   0.05204
     80/99    0.839G     0.028   0.03954   0.05252    0.1201        43       640    0.1095    0.7383    0.2394    0.1372   0.03309   0.03712   0.05198
     81/99    0.839G   0.02875   0.04394   0.05247    0.1251        44       640      0.11    0.7358      0.24    0.1379   0.03304   0.03707   0.05197
     82/99    0.839G   0.02879   0.04093   0.05204    0.1217        49       640    0.1097    0.7386     0.237    0.1376   0.03258   0.03678   0.05192
     83/99    0.839G   0.02681   0.03956    0.0513    0.1177        31       640    0.1087    0.7258    0.2382    0.1408    0.0324   0.03683   0.05188
     84/99    0.839G   0.02814   0.03549   0.05209    0.1157        31       640    0.1104    0.7077    0.2384    0.1397   0.03287   0.03704   0.05186
     85/99    0.839G   0.02658   0.03934   0.05205     0.118        22       640    0.1116    0.7266    0.2381    0.1414   0.03276   0.03693   0.05185
     86/99    0.839G   0.02729   0.04026   0.04976    0.1173        48       640    0.1148    0.7107    0.2458    0.1457    0.0327   0.03699   0.05177
     87/99    0.839G    0.0284   0.04028   0.05281    0.1215        47       640    0.1148    0.7107    0.2458    0.1457    0.0327   0.03698   0.05177
     88/99    0.839G    0.0268   0.04055   0.04883    0.1162        41       640    0.1143    0.7114    0.2462    0.1453   0.03279    0.0371   0.05175
     89/99    0.839G   0.02786   0.04251   0.05368    0.1241        45       640    0.1138    0.7114    0.2484    0.1472   0.03269   0.03725    0.0517
     90/99    0.839G   0.02907   0.03979   0.05224    0.1211        38       640    0.1133    0.7442    0.2535    0.1451   0.03269   0.03742   0.05167
     91/99    0.839G   0.02758   0.03779   0.05312    0.1185        24       640    0.1141    0.7327    0.2541    0.1447   0.03271   0.03771   0.05166
     92/99    0.839G   0.02852   0.04282   0.05301    0.1243        31       640     0.109    0.7583    0.2534    0.1451   0.03264   0.03751   0.05161
     93/99    0.839G   0.02776   0.04019   0.05279    0.1207        35       640    0.1097    0.7483    0.2565    0.1472   0.03256   0.03742   0.05157
     94/99    0.839G   0.02821   0.03959   0.05161    0.1194        40       640    0.1096      0.74    0.2603    0.1503   0.03258   0.03747   0.05157
     95/99    0.839G   0.02756     0.039   0.05146     0.118        17       640    0.1096      0.74    0.2603    0.1503   0.03258   0.03746   0.05157
     96/99    0.839G   0.02735    0.0391   0.05167    0.1181        47       640    0.1065    0.7483    0.2578    0.1497    0.0328   0.03773   0.05158
     97/99    0.839G   0.02761   0.04044   0.05163    0.1197        47       640    0.1085    0.7483     0.262    0.1511   0.03287   0.03795   0.05157
     98/99    0.839G    0.0276   0.03627   0.05296    0.1168        38       640    0.1058    0.7483    0.2629    0.1518   0.03264   0.03811   0.05159
     99/99    0.839G   0.02839   0.03947   0.05161    0.1195        29       640    0.1062    0.7483    0.2619    0.1526    0.0325   0.03825   0.05156
