     0/199    0.916G   0.04488   0.05225   0.03569    0.1328        37       640     0.764      0.68    0.7484    0.4095   0.03533   0.03107   0.02265
     1/199     1.17G   0.03974   0.04206   0.03055    0.1123        16       640    0.7928    0.7162    0.8071    0.4906   0.03242   0.02869   0.01925
     2/199     1.17G   0.03902   0.04221   0.02777     0.109        48       640     0.784    0.7914    0.8432    0.4955    0.0333   0.02855   0.01777
     3/199     1.17G   0.04058   0.04227   0.02619     0.109        41       640    0.8503    0.7636    0.8548     0.538   0.03166   0.02857   0.01698
     4/199     1.17G   0.04275   0.04156   0.02708    0.1114        20       640    0.8061    0.8161    0.8651    0.4957   0.03459   0.02914   0.01694
     5/199     1.17G   0.04175   0.04082    0.0245    0.1071        26       640    0.8577    0.7995     0.878    0.4652    0.0379   0.02837   0.01515
     6/199     1.17G    0.0409   0.04097    0.0238    0.1057        17       640    0.8481    0.8077    0.8656    0.4158   0.04172   0.02907   0.01419
     7/199     1.17G   0.04043   0.03909   0.02323    0.1027        50       640    0.8723    0.8425    0.9083    0.5414   0.03425   0.02819   0.01343
     8/199     1.17G     0.039   0.04024   0.02212    0.1014        20       640    0.8831    0.8641     0.925    0.5993   0.03196   0.02723   0.01262
     9/199     1.17G   0.03929   0.03986   0.02077   0.09991        43       640    0.9249    0.8502    0.9269    0.5182   0.03591   0.02793   0.01175
    10/199     1.17G   0.03925   0.03882   0.02078   0.09885        50       640    0.9314    0.8321    0.9279    0.5835   0.03168   0.02714   0.01164
    11/199     1.17G   0.03906   0.03857   0.01985   0.09748        32       640    0.9174    0.8944    0.9414    0.6024   0.03207   0.02729   0.01054
    12/199     1.17G   0.03789   0.03838   0.01921   0.09548        19       640    0.9071    0.8963    0.9406    0.5264   0.03659   0.02789  0.009598
    13/199     1.17G   0.03817   0.03776   0.01879   0.09472        23       640    0.9239    0.8855    0.9419     0.635   0.03046   0.02632   0.01077
    14/199     1.17G    0.0374   0.03758   0.01909   0.09408        33       640    0.9394    0.9013    0.9498    0.6287   0.03138   0.02661  0.009345
    15/199     1.17G   0.03861   0.03816   0.01818   0.09495        31       640    0.9369    0.9068    0.9562    0.5711   0.03418   0.02694  0.008813
    16/199     1.17G   0.03721     0.037   0.01729   0.09151        34       640    0.9547    0.9103    0.9651    0.6519   0.02978    0.0256  0.008387
    17/199     1.17G   0.03704   0.03678   0.01686   0.09068        20       640    0.9114    0.9122    0.9518    0.5493   0.03491   0.02683  0.009242
    18/199     1.17G   0.03708   0.03675   0.01642   0.09024        13       640     0.938    0.9226    0.9595    0.6444   0.02976   0.02575  0.008355
    19/199     1.17G   0.03594   0.03542   0.01601   0.08737        14       640    0.9303    0.9049    0.9514      0.57   0.03329   0.02669   0.00853
    20/199     1.17G   0.03688   0.03675   0.01595   0.08957        47       640     0.966    0.9154    0.9668    0.6066    0.0325    0.0264  0.007783
    21/199     1.17G   0.03637   0.03645   0.01546   0.08828        11       640    0.9483    0.9225    0.9625    0.6247   0.03218   0.02627  0.007765
    22/199     1.17G   0.03616   0.03544   0.01535   0.08696        30       640    0.9503     0.925    0.9597    0.6489   0.02973   0.02573  0.007609
    23/199     1.17G   0.03673   0.03495    0.0158   0.08749        30       640    0.9547     0.931    0.9667    0.6598   0.02974    0.0254   0.00726
    24/199     1.17G    0.0347   0.03468   0.01545   0.08484        20       640    0.9628    0.9393    0.9704    0.6186   0.03226   0.02579  0.006894
    25/199     1.17G   0.03556   0.03403   0.01474   0.08433        18       640    0.9628    0.9351    0.9726     0.641   0.03069   0.02606  0.006825
    26/199     1.17G   0.03564   0.03563   0.01446   0.08573        16       640     0.951     0.944    0.9715    0.6373   0.03116   0.02514  0.006729
    27/199     1.17G   0.03492   0.03497   0.01436   0.08425        33       640    0.9634    0.9313    0.9707    0.6663   0.02926   0.02538  0.006927
    28/199     1.17G   0.03438   0.03421   0.01455   0.08314        17       640    0.9584    0.9483    0.9761    0.6752   0.02843   0.02509  0.006768
    29/199     1.17G   0.03466    0.0344   0.01422   0.08328        19       640    0.9692    0.9324    0.9723    0.6741   0.02813   0.02509  0.006509
    30/199      1.2G   0.03382    0.0341   0.01382   0.08175        31       640    0.9629    0.9455    0.9744    0.6376   0.03106   0.02522  0.006249
    31/199      1.2G   0.03482   0.03464   0.01346   0.08292        27       640    0.9582    0.9498    0.9764     0.678   0.02839   0.02484  0.006215
    32/199      1.2G   0.03423   0.03412   0.01391   0.08226        20       640    0.9631    0.9531    0.9769    0.6795   0.02858   0.02475  0.006247
    33/199      1.2G   0.03431   0.03469   0.01386   0.08287        31       640    0.9717    0.9493    0.9747    0.6647   0.02924   0.02452  0.006139
    34/199      1.2G   0.03398    0.0342    0.0135   0.08167        25       640    0.9763    0.9484    0.9787    0.6841   0.02848   0.02449  0.005812
    35/199      1.2G   0.03343     0.035   0.01295   0.08138        30       640    0.9648    0.9513    0.9762    0.6806   0.02783    0.0245  0.006146
    36/199      1.2G   0.03332   0.03409    0.0126   0.08001        55       640    0.9681    0.9536    0.9746    0.6948   0.02726   0.02419   0.00595
    37/199      1.2G   0.03318   0.03284   0.01296   0.07898        30       640     0.969    0.9554    0.9806    0.6884   0.02805   0.02423  0.005905
    38/199      1.2G   0.03242   0.03366   0.01251   0.07858        37       640      0.97    0.9565    0.9762    0.6773   0.02856   0.02397  0.005744
    39/199      1.2G   0.03257   0.03233   0.01245   0.07736        16       640    0.9695    0.9563    0.9787    0.6915   0.02763   0.02403  0.005665
    40/199      1.2G   0.03295   0.03385   0.01267   0.07947        35       640    0.9759     0.958    0.9771    0.7022   0.02695   0.02398  0.005735
    41/199      1.2G   0.03202   0.03366   0.01318   0.07886        31       640     0.976    0.9512    0.9772    0.6919   0.02758   0.02384  0.005959
    42/199      1.2G   0.03387     0.034   0.01289   0.08077        29       640    0.9696    0.9595    0.9785    0.7094   0.02714   0.02389  0.005878
    43/199      1.2G   0.03296   0.03291    0.0124   0.07826        23       640    0.9718    0.9597    0.9787     0.672   0.02882   0.02402  0.005524
    44/199      1.2G     0.033   0.03342   0.01243   0.07885        28       640    0.9757    0.9683    0.9815    0.6869   0.02819   0.02417  0.005436
    45/199      1.2G   0.03296   0.03324   0.01256   0.07875        34       640    0.9672    0.9631    0.9777    0.7102   0.02641   0.02358  0.005694
    46/199      1.2G    0.0323   0.03272   0.01166   0.07668        22       640    0.9766     0.964    0.9817    0.7132   0.02621   0.02345  0.005608
    47/199      1.2G   0.03202   0.03237   0.01189   0.07628        24       640    0.9772     0.953    0.9782    0.7012   0.02734   0.02415  0.005626
    48/199      1.2G   0.03245   0.03314   0.01205   0.07765        39       640    0.9743    0.9651    0.9811     0.688   0.02794   0.02451  0.005392
    49/199      1.2G   0.03224   0.03256   0.01215   0.07695        30       640    0.9761    0.9585    0.9811    0.7111   0.02655   0.02367  0.005366
    50/199      1.2G   0.03157   0.03294   0.01162   0.07613        19       640    0.9713    0.9558    0.9797    0.7047   0.02704   0.02384  0.005656
    51/199      1.2G   0.03191   0.03282   0.01202   0.07675        51       640    0.9788    0.9582    0.9818    0.7099   0.02666   0.02336  0.005274
    52/199      1.2G   0.03193   0.03265   0.01156   0.07613        22       640     0.976    0.9625     0.981    0.7017   0.02725   0.02374  0.005307
    53/199      1.2G   0.03219   0.03273    0.0114   0.07631        28       640    0.9783    0.9634    0.9839      0.72   0.02603   0.02314  0.005259
    54/199      1.2G   0.03143   0.03125   0.01197   0.07465        14       640    0.9758    0.9692    0.9828    0.7196   0.02608   0.02313  0.005096
    55/199      1.2G   0.03124   0.03191   0.01144   0.07459        12       640    0.9735    0.9646    0.9803    0.7169    0.0264   0.02345  0.005428
    56/199      1.2G   0.03121    0.0312   0.01147   0.07387        22       640    0.9797    0.9708     0.982    0.7242   0.02583   0.02298  0.005191
    57/199      1.2G   0.03023   0.03168   0.01104   0.07295        32       640    0.9793    0.9697    0.9828    0.7193   0.02617   0.02307  0.004943
    58/199      1.2G   0.03144    0.0316   0.01077   0.07381        22       640    0.9796    0.9683    0.9803    0.7262   0.02574   0.02289  0.005113
    59/199      1.2G   0.03048   0.03131   0.01111   0.07291        14       640    0.9867    0.9647    0.9836    0.6968   0.02795   0.02371  0.004906
    60/199      1.2G   0.03106    0.0313   0.01076   0.07312        27       640    0.9831    0.9711    0.9844    0.7212   0.02585   0.02269  0.004773
    61/199      1.2G   0.03065   0.03114   0.01116   0.07295        23       640    0.9858    0.9729    0.9862    0.7311   0.02585   0.02315  0.004746
    62/199      1.2G   0.03136   0.03158   0.01114   0.07408        26       640    0.9745    0.9707    0.9821    0.7248   0.02572   0.02293   0.00524
    63/199      1.2G    0.0309   0.03248   0.01114   0.07452        23       640    0.9845    0.9775    0.9863    0.7278   0.02573   0.02256   0.00461
    64/199      1.2G   0.03092   0.03107   0.01033   0.07232        42       640    0.9823    0.9756    0.9843    0.7385   0.02537   0.02267  0.004761
    65/199      1.2G   0.02973   0.03085   0.01049   0.07107        13       640    0.9838     0.973    0.9838    0.7384   0.02519   0.02251  0.004745
    66/199      1.2G   0.03132   0.03124   0.01062   0.07318        16       640    0.9856    0.9705    0.9833    0.7297   0.02583   0.02273  0.004722
    67/199      1.2G   0.02972   0.03123   0.01037   0.07132        49       640    0.9802    0.9661    0.9814    0.7339   0.02523   0.02258  0.004997
    68/199      1.2G   0.03005    0.0312   0.01078   0.07203        25       640    0.9806    0.9719    0.9841    0.7296   0.02569   0.02258  0.004697
    69/199      1.2G   0.03054   0.03112   0.01059   0.07225        32       640    0.9844     0.973    0.9857    0.7395   0.02554    0.0223  0.004679
    70/199      1.2G   0.02931   0.03025   0.01013   0.06969        23       640    0.9803    0.9735    0.9848    0.7256   0.02586   0.02283  0.004636
    71/199      1.2G   0.02994   0.03011   0.01078   0.07082        47       640    0.9858    0.9697    0.9853    0.7327   0.02556   0.02238  0.004596
    72/199      1.2G    0.0294   0.02948    0.0106   0.06949        26       640    0.9794    0.9672    0.9868    0.7417   0.02505   0.02262  0.004528
    73/199      1.2G   0.03034    0.0307   0.01071   0.07175        22       640    0.9846    0.9733    0.9843     0.739   0.02522   0.02255  0.004441
    74/199      1.2G   0.03014   0.03077   0.01045   0.07136        34       640    0.9836    0.9754    0.9874    0.7446   0.02496   0.02245  0.004397
    75/199      1.2G   0.02943   0.03005   0.01017   0.06966        22       640    0.9881    0.9692    0.9846     0.737   0.02532   0.02208   0.00436
    76/199      1.2G   0.02978      0.03   0.01065   0.07043        14       640    0.9893     0.974    0.9849    0.7544   0.02464   0.02213  0.004367
    77/199      1.2G   0.03029   0.03023   0.01001   0.07054        19       640    0.9848    0.9749    0.9833    0.7495   0.02465   0.02226  0.004577
    78/199      1.2G   0.02877   0.02992  0.009628   0.06832        39       640    0.9845     0.973    0.9843    0.7385   0.02531   0.02226  0.004364
    79/199      1.2G   0.02913   0.02928   0.01017   0.06859        16       640    0.9855    0.9719    0.9851     0.754   0.02463   0.02201  0.004538
    80/199      1.2G    0.0293   0.02951  0.009826   0.06864        26       640    0.9858    0.9739    0.9853    0.7544   0.02433   0.02193  0.004288
    81/199      1.2G    0.0289   0.02992  0.009747   0.06857        13       640    0.9859    0.9694    0.9841     0.748   0.02469   0.02211  0.004316
    82/199      1.2G   0.02916   0.02913  0.009664   0.06794        40       640    0.9851    0.9759    0.9863    0.7605   0.02404   0.02177  0.004224
    83/199      1.2G   0.02894   0.02999  0.009636   0.06857        24       640    0.9845    0.9719    0.9849    0.7522   0.02457   0.02217    0.0043
    84/199      1.2G   0.02882   0.02994   0.00934   0.06811        35       640    0.9867    0.9779     0.987    0.7547   0.02447   0.02169  0.004098
    85/199      1.2G   0.02943    0.0298    0.0095   0.06873        27       640    0.9852    0.9781    0.9859    0.7603   0.02461   0.02177  0.004262
    86/199      1.2G   0.02897   0.02917  0.009799   0.06794        41       640    0.9808    0.9703    0.9843    0.7549   0.02435   0.02203   0.00453
    87/199      1.2G   0.02877   0.02879  0.009921   0.06748        34       640    0.9846    0.9732    0.9863    0.7475   0.02496   0.02221  0.004311
    88/199      1.2G   0.02863   0.02972  0.009445    0.0678        35       640    0.9789    0.9769    0.9837    0.7465   0.02458   0.02216  0.004526
    89/199      1.2G   0.02899   0.02882   0.01006   0.06787        14       640    0.9855    0.9785    0.9862    0.7524   0.02417   0.02213  0.004283
    90/199      1.2G   0.02737   0.02915  0.009562   0.06609        21       640    0.9852    0.9785    0.9857    0.7576   0.02393   0.02196  0.004094
    91/199      1.2G   0.02833    0.0283  0.009371     0.066        13       640    0.9823    0.9756    0.9853    0.7546   0.02408   0.02164   0.00425
    92/199      1.2G   0.02793   0.02904  0.009211   0.06618        53       640    0.9844    0.9775    0.9857      0.76   0.02384    0.0221  0.004235
    93/199      1.2G   0.02823   0.02915  0.009173   0.06655        30       640    0.9789    0.9708     0.982    0.7574   0.02366   0.02167  0.004391
    94/199      1.2G    0.0282   0.02906  0.009232   0.06649        36       640    0.9844    0.9744    0.9852    0.7695   0.02331   0.02153  0.004142
    95/199      1.2G   0.02781   0.02847  0.009165   0.06545        31       640    0.9862    0.9742    0.9868    0.7666   0.02359   0.02152  0.004152
    96/199      1.2G    0.0278    0.0286  0.008794   0.06519        19       640    0.9789    0.9814    0.9861    0.7641   0.02367   0.02151   0.00408
    97/199      1.2G   0.02736   0.02811  0.009163   0.06464        30       640    0.9826    0.9804    0.9866    0.7723   0.02327   0.02115  0.004038
    98/199      1.2G   0.02745   0.02785   0.00909   0.06439        16       640    0.9803    0.9757    0.9845    0.7609   0.02354   0.02167  0.004171
    99/199      1.2G   0.02735   0.02766  0.008331   0.06334        24       640    0.9796    0.9802    0.9856    0.7717   0.02332   0.02116  0.004066
   100/199      1.2G   0.02779   0.02923  0.008914   0.06594        41       640    0.9802    0.9771    0.9861    0.7704    0.0232   0.02119   0.00415
   101/199      1.2G   0.02736   0.02786   0.00887    0.0641        14       640    0.9857    0.9783    0.9841    0.7694   0.02321   0.02115  0.004165
   102/199      1.2G   0.02751   0.02809  0.008915   0.06452        35       640    0.9869    0.9765    0.9861    0.7707   0.02325   0.02093   0.00395
   103/199      1.2G   0.02698   0.02799   0.00872   0.06369        35       640    0.9847    0.9791    0.9852    0.7768   0.02294   0.02092  0.003979
   104/199      1.2G   0.02748   0.02783   0.00882   0.06414        28       640    0.9832    0.9783    0.9837    0.7701   0.02299   0.02093  0.004041
   105/199      1.2G   0.02714   0.02764  0.008922    0.0637        31       640    0.9897    0.9746    0.9835    0.7674    0.0232   0.02143  0.004062
   106/199      1.2G   0.02696   0.02771    0.0088   0.06346        29       640    0.9854    0.9771    0.9838    0.7779   0.02282   0.02087  0.003995
   107/199      1.2G   0.02675   0.02744  0.008689   0.06288        12       640    0.9872    0.9787    0.9858    0.7768   0.02297   0.02095  0.003915
   108/199      1.2G   0.02744   0.02822  0.008598   0.06426        24       640    0.9838     0.976    0.9869    0.7717   0.02319   0.02126  0.003917
   109/199      1.2G   0.02651   0.02839  0.008685   0.06358        31       640    0.9836      0.98    0.9858    0.7749   0.02304   0.02148  0.003871
   110/199      1.2G   0.02717   0.02756  0.008506   0.06324        26       640    0.9879    0.9777    0.9855    0.7804   0.02272   0.02119  0.003854
   111/199      1.2G   0.02643   0.02761  0.008396   0.06244        23       640    0.9867    0.9819    0.9855    0.7785   0.02281   0.02143  0.003816
   112/199      1.2G   0.02616   0.02693  0.008339   0.06142        26       640    0.9882    0.9836    0.9875    0.7804   0.02282    0.0211  0.003522
   113/199     0.91G   0.02639   0.02723  0.008572   0.06219        37       640    0.9813    0.9833    0.9875    0.7844   0.02263   0.02067  0.003546
   114/199     1.21G   0.02646   0.02664  0.008633   0.06173        16       640    0.9848    0.9845    0.9873    0.7738   0.02299   0.02139  0.003598
   115/199     1.21G   0.02613   0.02767  0.008438   0.06224        48       640    0.9872    0.9807    0.9873    0.7787   0.02293    0.0212  0.003608
   116/199     1.21G   0.02668   0.02747  0.008338   0.06249        41       640    0.9889    0.9826    0.9876    0.7821   0.02278   0.02087  0.003651
   117/199     1.21G   0.02616   0.02695  0.008457   0.06157        20       640    0.9856    0.9804     0.986     0.787   0.02235    0.0204  0.003772
   118/199     1.21G   0.02627   0.02684  0.008022   0.06114        26       640    0.9883    0.9797    0.9869    0.7849   0.02214   0.02033  0.003649
   119/199     1.22G     0.026    0.0271  0.008072   0.06117        17       640    0.9872    0.9796    0.9864    0.7796   0.02271   0.02091  0.003742
   120/199     1.22G   0.02575   0.02592  0.008065   0.05973        50       640    0.9836    0.9834    0.9857    0.7849   0.02241   0.02037  0.003625
   121/199     1.22G   0.02576   0.02724  0.008237   0.06124        20       640    0.9903    0.9792    0.9862    0.7893   0.02233   0.02045  0.003618
   122/199     1.22G   0.02577   0.02731  0.007879   0.06095        43       640    0.9881    0.9818    0.9864    0.7844   0.02253   0.02081  0.003564
   123/199     1.22G   0.02563   0.02649  0.008154   0.06028        50       640    0.9822     0.986    0.9871    0.7828   0.02258   0.02056  0.003533
   124/199     1.22G   0.02578    0.0264  0.007969   0.06015        32       640     0.982    0.9827    0.9855    0.7874   0.02238    0.0207  0.003634
   125/199     1.22G   0.02595   0.02672   0.00792   0.06059        19       640    0.9828    0.9825    0.9861    0.7852   0.02241   0.02035  0.003573
   126/199     1.22G    0.0253   0.02657  0.008027    0.0599        23       640    0.9884    0.9848    0.9882     0.787   0.02235   0.02042  0.003572
   127/199     1.22G   0.02509   0.02626  0.008028   0.05938        33       640    0.9865    0.9832    0.9861    0.7849   0.02237   0.02034  0.003624
   128/199     1.22G   0.02597   0.02691  0.007997   0.06088        31       640    0.9887    0.9839    0.9869    0.7895   0.02236   0.02062  0.003629
   129/199     1.22G   0.02543    0.0262  0.007896   0.05953        34       640    0.9798    0.9818    0.9852    0.7953   0.02207    0.0202  0.003711
   130/199     1.22G   0.02515   0.02629  0.007818   0.05926        20       640     0.989    0.9805    0.9871    0.7916   0.02214   0.02013  0.003459
   131/199     1.22G    0.0255   0.02638   0.00734   0.05922        13       640    0.9862    0.9824    0.9875    0.7967   0.02189   0.01997  0.003516
   132/199     1.22G    0.0253    0.0256  0.007744   0.05865        14       640    0.9842     0.982    0.9866    0.7954    0.0219   0.02005  0.003566
   133/199     1.22G   0.02484   0.02597  0.007559   0.05837        47       640    0.9858    0.9796    0.9859    0.7925   0.02211   0.02067  0.003572
   134/199     1.22G   0.02551   0.02622  0.007516   0.05925        11       640    0.9881    0.9794    0.9865    0.7956     0.022   0.02032  0.003517
   135/199     1.22G   0.02513   0.02548  0.007536   0.05814        30       640    0.9889    0.9803    0.9865    0.7925   0.02187   0.02029  0.003461
   136/199     1.22G   0.02479   0.02496  0.007809   0.05756        30       640    0.9882    0.9813    0.9854    0.7934   0.02195   0.02041  0.003475
   137/199     1.22G   0.02472   0.02516  0.007864   0.05775        20       640    0.9868    0.9807    0.9868    0.7937   0.02202   0.02041  0.003509
   138/199     1.22G   0.02451   0.02442  0.007531   0.05646        18       640    0.9869    0.9826    0.9871    0.8003   0.02158   0.02028  0.003384
   139/199     1.22G   0.02469   0.02578  0.007451   0.05791        16       640    0.9868    0.9797    0.9873    0.7979   0.02152   0.02026  0.003367
   140/199     1.22G   0.02465   0.02562  0.007427    0.0577        33       640    0.9878    0.9786    0.9869    0.7961    0.0218   0.02061  0.003426
   141/199     1.22G   0.02428   0.02478   0.00744    0.0565        17       640    0.9873    0.9788    0.9869    0.7955   0.02172   0.02038  0.003388
   142/199     1.22G   0.02394   0.02495  0.007115   0.05601        19       640    0.9855    0.9831    0.9861    0.7951   0.02181   0.02045  0.003425
   143/199     1.22G   0.02438   0.02502  0.007317   0.05672        31       640    0.9818    0.9791    0.9864    0.8011   0.02145   0.01989   0.00361
   144/199     1.22G   0.02388   0.02511  0.007075   0.05606        27       640    0.9858    0.9805    0.9858    0.8006    0.0217   0.02014   0.00347
   145/199     1.22G   0.02445   0.02515  0.007396   0.05699        20       640    0.9864    0.9817    0.9855    0.7936   0.02181   0.02033  0.003492
   146/199     1.22G   0.02399    0.0253  0.007627   0.05691        31       640     0.983    0.9808    0.9857    0.8004    0.0213      0.02  0.003427
   147/199     1.22G   0.02395   0.02484  0.007232   0.05602        25       640    0.9865    0.9812    0.9879    0.8021   0.02144   0.01974  0.003326
   148/199     1.22G   0.02394   0.02558  0.006875    0.0564        30       640    0.9848    0.9821    0.9863    0.7994   0.02139    0.0198  0.003372
   149/199     1.22G   0.02402   0.02508  0.006841   0.05594        55       640    0.9886    0.9802    0.9871    0.7979   0.02144   0.01971   0.00333
   150/199     1.22G   0.02413   0.02431  0.006949   0.05539        30       640    0.9825    0.9865    0.9878    0.8027   0.02143    0.0201  0.003432
   151/199     1.22G   0.02399    0.0252  0.007025   0.05622        37       640    0.9886    0.9799    0.9871    0.8021   0.02124   0.01954   0.00336
   152/199     1.22G    0.0235   0.02403  0.007061   0.05459        16       640    0.9867    0.9802    0.9877    0.8064   0.02124   0.01974  0.003327
   153/199     1.22G   0.02341   0.02474  0.006993   0.05514        35       640    0.9847    0.9825    0.9865    0.8081   0.02123   0.01982  0.003325
   154/199     1.22G   0.02386   0.02513  0.007003   0.05599        31       640    0.9871    0.9824    0.9869    0.8038   0.02126   0.02002  0.003366
   155/199     1.22G   0.02355   0.02475  0.007169   0.05546        29       640    0.9852    0.9842    0.9858     0.803    0.0213   0.01986  0.003417
   156/199     1.22G   0.02359   0.02429   0.00676   0.05464        23       640    0.9862    0.9819    0.9876    0.8077   0.02097   0.01945  0.003394
   157/199     1.22G   0.02364   0.02455  0.006914   0.05511        28       640    0.9864     0.982    0.9866    0.8127   0.02099   0.01934  0.003319
   158/199     1.22G   0.02378   0.02441  0.006905   0.05509        34       640    0.9874    0.9835    0.9867    0.8098   0.02117   0.01978  0.003329
   159/199     1.22G   0.02359   0.02442  0.006692    0.0547        22       640    0.9862    0.9826    0.9854    0.8084   0.02117   0.01965  0.003391
   160/199     1.22G   0.02348   0.02415  0.006658   0.05429        24       640    0.9892    0.9836    0.9865    0.8051   0.02127   0.01999  0.003329
   161/199     1.22G   0.02374   0.02464  0.006802   0.05518        39       640    0.9886    0.9811    0.9863    0.8079   0.02118   0.01964  0.003264
   162/199     1.22G   0.02318   0.02421  0.006918    0.0543        30       640     0.987    0.9808    0.9853    0.8085   0.02103   0.01981  0.003319
   163/199     1.22G   0.02278   0.02433  0.006576   0.05369        19       640    0.9893    0.9814    0.9858    0.8058   0.02113   0.01997  0.003346
   164/199     1.22G   0.02328   0.02448  0.006884   0.05464        51       640    0.9869    0.9803     0.986    0.8056   0.02099   0.01972  0.003414
   165/199     1.22G   0.02308   0.02427   0.00697   0.05431        22       640     0.985    0.9803    0.9869    0.8113   0.02104   0.01965  0.003267
   166/199     1.22G   0.02321    0.0244  0.006663   0.05428        28       640    0.9887    0.9824    0.9879    0.8109   0.02092   0.01941  0.003266
   167/199     1.22G    0.0233   0.02345  0.007021   0.05377        14       640    0.9878    0.9816     0.988     0.809   0.02107   0.01961  0.003245
   168/199     1.22G   0.02283    0.0235  0.006576   0.05291        12       640    0.9876    0.9808    0.9861    0.8084    0.0209   0.01979  0.003407
   169/199     1.22G     0.023    0.0234   0.00687   0.05327        22       640    0.9833    0.9811    0.9846    0.8076   0.02103   0.01955  0.003443
   170/199     1.22G   0.02275   0.02401  0.006531   0.05328        32       640    0.9868    0.9842    0.9865    0.8111   0.02088   0.01926  0.003255
   171/199     1.22G   0.02305   0.02371  0.006458   0.05322        22       640    0.9889    0.9831    0.9858    0.8127   0.02084   0.01944  0.003288
   172/199     1.22G   0.02334   0.02393  0.006577   0.05385        14       640    0.9835    0.9852     0.986    0.8118   0.02096   0.01951  0.003286
   173/199     1.22G   0.02236   0.02328  0.006255   0.05189        27       640    0.9868    0.9838    0.9868    0.8127   0.02085   0.01952  0.003278
   174/199     1.22G   0.02323   0.02362  0.006608   0.05346        23       640    0.9861    0.9839     0.986    0.8102   0.02094   0.01952  0.003319
   175/199     1.22G   0.02297   0.02378  0.006549    0.0533        26       640    0.9867    0.9836    0.9865    0.8117   0.02097   0.01946   0.00324
   176/199     1.22G   0.02293   0.02427  0.006613   0.05382        23       640    0.9859    0.9828    0.9864    0.8105   0.02095   0.01968  0.003292
   177/199     1.22G   0.02289   0.02346  0.006198   0.05254        42       640    0.9869    0.9812    0.9857    0.8092   0.02095   0.01952  0.003362
   178/199     1.22G   0.02285   0.02357   0.00645   0.05287        13       640    0.9845    0.9824    0.9861    0.8117   0.02093   0.01947  0.003273
   179/199     1.22G   0.02269   0.02331  0.006312   0.05232        16       640    0.9853    0.9826    0.9858    0.8114   0.02096   0.01968  0.003289
   180/199     1.22G   0.02276   0.02376  0.006317   0.05284        49       640    0.9861    0.9775    0.9846    0.8086   0.02098   0.01984  0.003735
   181/199     1.22G   0.02276   0.02371  0.006553   0.05302        25       640    0.9848    0.9791    0.9863      0.81   0.02089   0.01956  0.003647
   182/199     1.22G   0.02254   0.02336   0.00629   0.05219        32       640    0.9863     0.982    0.9861    0.8121   0.02077   0.01951  0.003502
   183/199     1.22G   0.02249   0.02322  0.006257   0.05197        23       640    0.9855    0.9797    0.9854    0.8112     0.021   0.01985  0.003415
   184/199     1.22G   0.02225   0.02282  0.006417   0.05148        47       640    0.9857    0.9812    0.9858     0.815    0.0209   0.01975  0.003417
   185/199     1.22G   0.02234   0.02248  0.006519   0.05134        26       640    0.9857    0.9824    0.9864    0.8134   0.02076   0.01945  0.003454
   186/199     1.22G   0.02266   0.02345  0.006545   0.05265        22       640    0.9863    0.9813    0.9865    0.8162   0.02071   0.01966  0.003444
   187/199     1.22G   0.02253   0.02337  0.006325   0.05222        34       640    0.9879    0.9738    0.9845    0.8098   0.02073   0.01987  0.003487
   188/199     1.22G   0.02251   0.02301  0.006316   0.05183        22       640    0.9853    0.9804    0.9849    0.8147   0.02049    0.0195  0.003339
   189/199     1.22G    0.0228   0.02308  0.006523    0.0524        14       640     0.986    0.9817    0.9861    0.8171   0.02053   0.01917  0.003347
   190/199     1.22G   0.02256   0.02291  0.006227    0.0517        19       640    0.9853    0.9819    0.9862    0.8123   0.02073   0.01961  0.003312
   191/199     1.22G    0.0223   0.02312  0.005944   0.05136        39       640    0.9869    0.9835    0.9868    0.8154    0.0207   0.01945  0.003169
   192/199     1.22G   0.02219   0.02246  0.006128   0.05078        16       640    0.9867     0.982    0.9872    0.8162   0.02056   0.01944  0.003266
   193/199     1.22G   0.02259   0.02258  0.006207   0.05138        26       640    0.9841    0.9803    0.9848    0.8137   0.02066   0.01971   0.00329
   194/199     1.22G   0.02262   0.02331  0.006249   0.05218        13       640    0.9867    0.9812    0.9854    0.8149   0.02068   0.01988  0.003262
   195/199     1.22G   0.02246   0.02244  0.006158   0.05106        40       640    0.9842    0.9818    0.9853    0.8151   0.02061   0.01974  0.003297
   196/199     1.22G     0.023   0.02338  0.006198   0.05258        24       640    0.9862    0.9807    0.9857     0.814   0.02069   0.01979  0.003286
   197/199     1.22G   0.02234   0.02307  0.005969   0.05139        35       640    0.9859    0.9838    0.9856    0.8155    0.0207   0.01989  0.003238
   198/199     1.22G   0.02267   0.02308  0.006003   0.05175        27       640     0.985    0.9828    0.9846    0.8145   0.02078   0.01944  0.003352
   199/199     1.22G   0.02242    0.0228  0.006375   0.05159        41       640    0.9874    0.9831    0.9863    0.8138   0.02069   0.01959  0.003329
