      0/99    0.803G    0.1146   0.06687   0.06593    0.2474        20       640 0.0006969   0.04806 5.549e-05 1.225e-05   0.08806   0.05128   0.05426
      1/99    0.895G    0.1057   0.07382   0.06416    0.2436         3       640    0.3023  0.004167  0.000257 3.588e-05   0.08114   0.05451   0.05378
      2/99    0.895G   0.09449   0.08425   0.06436    0.2431        10       640   0.00224    0.1287 0.0004836 6.747e-05   0.07213   0.05911   0.05343
      3/99    0.895G   0.08412   0.09458   0.06288    0.2416         3       640  0.004704    0.1977  0.001485 0.0002199   0.06742   0.06206   0.05309
      4/99    0.895G   0.07941   0.09209   0.06287    0.2344         4       640  0.007885    0.3277  0.004557 0.0007275   0.06353   0.06418   0.05289
      5/99    0.895G   0.07405   0.09714   0.06204    0.2332         9       640   0.01402    0.1467   0.01068  0.001823   0.06039   0.06478   0.05254
      6/99    0.895G   0.07466    0.1051   0.06226     0.242        10       640   0.01804    0.4902   0.02168  0.003781    0.0568   0.06444   0.05225
      7/99    0.895G   0.07137   0.09323   0.06159    0.2262        12       640   0.02555    0.5023   0.02831  0.005992   0.05383   0.06318   0.05193
      8/99    0.895G   0.06982   0.09744    0.0606    0.2279        12       640   0.03282    0.5626   0.03951  0.009047   0.05137   0.06014   0.05163
      9/99    0.895G   0.06828   0.09368   0.06086    0.2228        11       640   0.03771    0.4309   0.03999  0.009771   0.05014   0.05572   0.05135
     10/99    0.895G   0.06421   0.08369   0.06013     0.208        20       640   0.08453    0.3618   0.07415   0.02283   0.04832   0.04978   0.05116
     11/99    0.895G   0.06704    0.0726   0.05912    0.1988         9       640    0.0908    0.4215   0.09796   0.03656   0.04582   0.04562   0.05108
     12/99    0.895G   0.06131    0.0742   0.05897    0.1945        19       640    0.1896    0.3523   0.08639   0.02933   0.04597   0.04106   0.05105
     13/99    0.895G   0.05977   0.07337   0.05807    0.1912         9       640     0.177     0.307   0.09191   0.03346   0.04708   0.03915   0.05113
     14/99    0.895G   0.06093   0.07403   0.05832    0.1933        13       640    0.1778    0.2964    0.1011   0.03597   0.04375   0.03906   0.05115
     15/99    0.895G   0.05723   0.06437   0.05689    0.1785         4       640   0.06761    0.6404     0.106   0.03557   0.04541    0.0385   0.05127
     16/99    0.895G    0.0577    0.0655   0.05582     0.179        12       640   0.04329    0.4949   0.05264   0.01224   0.05592   0.03412   0.05104
     17/99    0.895G   0.06128   0.06303   0.05762    0.1819         2       640   0.08988    0.5364    0.1274   0.05853   0.03954   0.03687   0.05087
     18/99    0.895G   0.05303   0.06242   0.05811    0.1736         7       640   0.07781    0.6304    0.1044   0.04285   0.04016   0.03568     0.051
     19/99    0.895G   0.05663   0.06576   0.05833    0.1807        17       640   0.07788    0.5434    0.1022   0.03773   0.04093   0.03424   0.05093
     20/99    0.895G   0.05753   0.06489   0.05787    0.1803        25       640   0.07435    0.6026   0.08877   0.03318   0.04325   0.03733   0.05087
     21/99    0.895G   0.05338   0.06814   0.05577    0.1773        22       640   0.09585    0.6942    0.1213   0.05778   0.03919   0.03602   0.05099
     22/99    0.895G   0.04971   0.06049   0.05697    0.1672        17       640   0.07257    0.6962   0.09738   0.03512   0.04173   0.03346   0.05113
     23/99    0.895G   0.05734   0.05739   0.05571    0.1704         9       640   0.08518    0.7381   0.09698   0.04441   0.03917   0.03312   0.05111
     24/99    0.895G   0.05242   0.06295   0.05717    0.1725         7       640   0.07013    0.8236   0.08888   0.03491   0.03707   0.03316   0.05106
     25/99    0.895G   0.05381   0.06129    0.0562    0.1713        12       640   0.08852    0.6853    0.1076   0.05316   0.03584   0.03226     0.051
     26/99    0.895G   0.04789   0.05941   0.05655    0.1638        14       640    0.0859    0.6378    0.1032   0.04817   0.03924   0.03352   0.05106
     27/99    0.895G   0.05298   0.05756   0.05657    0.1671         3       640   0.08907    0.7376    0.1085   0.03722   0.04286   0.03253   0.05103
     28/99    0.895G   0.05178    0.0629   0.05662    0.1713         3       640     0.098    0.8653     0.129   0.06824   0.03197    0.0317   0.05093
     29/99    0.895G   0.04565   0.06094   0.05798    0.1646        16       640   0.09438    0.8254    0.1208   0.06496   0.03327   0.03066   0.05094
     30/99    0.895G   0.05102   0.05273   0.05582    0.1596         2       640    0.0969     0.795     0.125   0.05987   0.03308   0.03152   0.05095
     31/99    0.895G   0.04652    0.0626   0.05551    0.1646         8       640   0.09508    0.8699    0.1405   0.07555   0.03145   0.03099   0.05091
     32/99    0.895G   0.04744   0.05832   0.05636    0.1621         5       640   0.09196    0.8255     0.136   0.07426   0.03218   0.03125    0.0508
     33/99    0.895G   0.04342   0.05436    0.0566    0.1544        13       640    0.1009    0.7299    0.1271   0.07173   0.02997   0.02968   0.05093
     34/99    0.895G   0.04542   0.05691   0.05807    0.1604        18       640    0.1062    0.7215    0.1393    0.0749   0.03119    0.0301   0.05097
     35/99    0.895G   0.04127   0.05799   0.05617    0.1554        10       640   0.09699    0.8769    0.1394   0.07991    0.0285    0.0289   0.05085
     36/99    0.895G   0.04121   0.05477    0.0552    0.1512         3       640    0.1035    0.8512    0.1323   0.06871   0.03011   0.03062   0.05087
     37/99    0.895G   0.04199   0.05574   0.05741    0.1551         2       640    0.1005    0.8314    0.1286   0.06936   0.03046   0.02979   0.05084
     38/99    0.895G   0.03941   0.05296   0.05661     0.149        15       640    0.1087    0.8815    0.1299   0.07509   0.02797   0.02881   0.05086
     39/99    0.895G    0.0422   0.05568   0.05621    0.1541         7       640    0.1037     0.871    0.1244   0.06448   0.03246   0.02948   0.05083
     40/99    0.895G   0.04224   0.05377   0.05655    0.1526        10       640   0.09958    0.8818    0.1199   0.06173   0.03045   0.02876   0.05089
     41/99    0.895G   0.04282   0.05246   0.05555    0.1508        12       640   0.09773    0.8794    0.1234   0.06665   0.03046   0.02974   0.05083
     42/99    0.895G    0.0379    0.0509   0.05637    0.1452         9       640    0.1039    0.8391    0.1324    0.0777   0.02757   0.02905   0.05076
     43/99    0.895G   0.03855   0.05051   0.05519    0.1442        10       640    0.1022    0.8512     0.129   0.07509   0.02802   0.02817   0.05064
     44/99    0.895G   0.03877   0.05941   0.05659    0.1548        30       640   0.09765    0.8962    0.1264   0.07737   0.02817   0.02733   0.05085
     45/99    0.895G   0.03976     0.049   0.05465    0.1434         3       640    0.1001    0.8593    0.1349   0.08208   0.02746   0.02731   0.05078
     46/99    0.895G   0.03844    0.0486    0.0556    0.1426         3       640    0.1052    0.8736    0.1391   0.08481   0.02599    0.0273   0.05072
     47/99    0.895G   0.03709   0.05006   0.05629    0.1434        13       640    0.1031    0.8535    0.1297   0.07867   0.02635   0.02659   0.05089
     48/99    0.895G   0.03535      0.05   0.05427    0.1396        12       640    0.1021    0.8724    0.1306   0.07777   0.02685     0.027   0.05064
     49/99    0.895G   0.03835   0.05326   0.05627    0.1479        16       640    0.1045    0.8461    0.1293   0.08032   0.02627   0.02725   0.05076
     50/99    0.895G   0.03811    0.0493   0.05545    0.1429        11       640    0.1017    0.8283    0.1311   0.08043   0.02729    0.0266   0.05064
     51/99    0.895G   0.03532   0.05173   0.05578    0.1428         4       640    0.1006    0.8626    0.1409    0.0887   0.02618    0.0273   0.05053
     52/99    0.895G   0.03523   0.05045   0.05526    0.1409         7       640     0.101    0.9153    0.1396   0.08668   0.02578   0.02739   0.05043
     53/99    0.895G   0.03787   0.05177   0.05592    0.1456         8       640   0.09947    0.9061    0.1379   0.08626   0.02503   0.02614   0.05036
     54/99    0.895G   0.03545   0.04774   0.05686    0.1401         8       640    0.1017    0.8634    0.1391   0.09231   0.02409   0.02539   0.05023
     55/99    0.895G   0.03815   0.04721   0.05391    0.1393         5       640     0.103    0.8608     0.141   0.08916   0.02557   0.02595   0.05027
     56/99    0.895G   0.03761   0.04902   0.05512    0.1418         4       640    0.1036     0.856    0.1385   0.08774   0.02523   0.02571   0.05031
     57/99    0.895G   0.03638   0.04596   0.05638    0.1387        10       640   0.09968    0.9178    0.1398   0.08938   0.02478    0.0255   0.05039
     58/99    0.895G     0.034   0.04532   0.05684    0.1362         9       640    0.1006    0.9018    0.1429   0.08987   0.02463   0.02517   0.05038
     59/99    0.895G   0.03546   0.04979   0.05666    0.1419        19       640    0.1016     0.921    0.1415   0.09013    0.0246   0.02525   0.05043
     60/99    0.895G   0.03601   0.04904   0.05578    0.1408         5       640    0.1038    0.8746    0.1387   0.09089   0.02376   0.02489   0.05047
     61/99    0.895G    0.0344   0.04465   0.05569    0.1347        11       640    0.1022    0.9074    0.1412   0.09261   0.02424   0.02582   0.05062
     62/99    0.895G   0.03347   0.04588   0.05625    0.1356         8       640    0.1022    0.8903    0.1375    0.0911   0.02369   0.02489   0.05052
     63/99    0.895G   0.03485   0.04719   0.05648    0.1385         4       640    0.1017    0.8795    0.1391   0.09113   0.02431   0.02512   0.05048
     64/99    0.895G   0.03395   0.05141   0.05603    0.1414        16       640    0.1004    0.8815    0.1408   0.09274   0.02399     0.025   0.05049
     65/99    0.895G     0.032   0.04435   0.05677    0.1331        10       640    0.1005    0.8981    0.1442   0.09439   0.02366   0.02556   0.05047
     66/99    0.895G   0.03265   0.04639   0.05405    0.1331         7       640    0.1022     0.897    0.1434   0.09453   0.02386   0.02481   0.05036
     67/99    0.895G   0.03273   0.04766   0.05458     0.135        24       640     0.102    0.9081     0.142    0.0933   0.02317   0.02459   0.05031
     68/99    0.895G   0.03453   0.04379   0.05408    0.1324         3       640    0.1039    0.8247    0.1387   0.09139   0.02362   0.02492   0.05028
     69/99    0.895G   0.03299   0.04958   0.05501    0.1376        15       640    0.1022    0.8761    0.1389   0.09271   0.02304   0.02445   0.05023
     70/99    0.895G   0.03321   0.04813   0.05527    0.1366        24       640   0.09955     0.899    0.1362   0.09141   0.02346   0.02472   0.05035
     71/99    0.895G   0.03411   0.04338   0.05624    0.1337         9       640    0.1005    0.8981    0.1393   0.09276    0.0233   0.02485   0.05025
     72/99    0.895G   0.03191   0.04487   0.05456    0.1313         5       640    0.1004    0.8803    0.1425    0.0964   0.02307   0.02444   0.05021
     73/99    0.895G   0.03244   0.05011   0.05335    0.1359        42       640    0.1001    0.9024      0.14   0.09426     0.023   0.02427   0.05023
     74/99    0.895G   0.03357   0.04913   0.05483    0.1375        18       640    0.1001     0.926    0.1395   0.09487   0.02287   0.02448   0.05027
     75/99    0.895G   0.03357   0.04541   0.05514    0.1341        10       640   0.09856    0.9157    0.1377   0.09156   0.02382   0.02462   0.05033
     76/99    0.895G   0.03359    0.0467   0.05531    0.1356         2       640    0.1038    0.8605    0.1402   0.09753   0.02216   0.02407   0.05027
     77/99    0.895G   0.03343   0.04727   0.05465    0.1354        11       640    0.1039    0.8571    0.1408   0.09788   0.02225   0.02398   0.05033
     78/99    0.895G   0.03369   0.05177   0.05409    0.1396        11       640    0.1004    0.9181    0.1404    0.0949   0.02241    0.0243   0.05039
     79/99    0.895G   0.03274   0.04509   0.05441    0.1322         4       640    0.1028    0.8614    0.1411   0.09577   0.02241   0.02403   0.05039
     80/99    0.895G   0.03172   0.04593   0.05462    0.1323         8       640    0.1017    0.8973    0.1414   0.09639   0.02233   0.02365   0.05038
     81/99    0.895G   0.03087   0.04577   0.05532     0.132        13       640    0.1015    0.9017    0.1466    0.1004   0.02264   0.02408   0.05031
     82/99    0.895G   0.03215   0.04522   0.05569    0.1331         5       640    0.1018    0.9071    0.1474   0.09934   0.02244   0.02335   0.05032
     83/99    0.895G   0.03201   0.04606   0.05333    0.1314         6       640    0.1012    0.9028    0.1493    0.1036   0.02183   0.02332   0.05032
     84/99    0.895G    0.0315   0.04123   0.05498    0.1277         5       640    0.1016     0.896    0.1487    0.1003   0.02227   0.02364   0.05035
     85/99    0.895G   0.03315   0.04368     0.056    0.1328         7       640    0.1029    0.8653    0.1468    0.1032   0.02139    0.0229   0.05026
     86/99    0.895G   0.03142   0.04514    0.0544     0.131         3       640    0.1013    0.9005    0.1449    0.1011    0.0212   0.02267   0.05028
     87/99    0.895G   0.03064   0.04215   0.05338    0.1262         4       640    0.1013    0.9005     0.143    0.0998   0.02125   0.02267   0.05035
     88/99    0.895G   0.03112   0.04322   0.05564      0.13         4       640   0.09965    0.9365    0.1455    0.1016   0.02153   0.02314   0.05037
     89/99    0.895G   0.03035   0.04559   0.05252    0.1285        13       640   0.09983    0.9055    0.1455    0.1019   0.02158   0.02278   0.05034
     90/99    0.895G   0.03161   0.04216   0.05408    0.1278         8       640    0.1001    0.9199     0.146    0.1012   0.02152   0.02278    0.0503
     91/99    0.895G   0.03013    0.0423   0.05413    0.1266         9       640   0.09934    0.8689    0.1498    0.1044   0.02188   0.02293   0.05023
     92/99    0.895G   0.02951   0.04332   0.05246    0.1253        11       640   0.09844    0.9324    0.1518    0.1071   0.02125   0.02245   0.05018
     93/99    0.895G    0.0308    0.0413   0.05414    0.1262        10       640    0.1005    0.9016    0.1519    0.1068   0.02157   0.02259   0.05017
     94/99    0.895G   0.03218   0.04791   0.05471    0.1348        12       640    0.1032    0.8412    0.1481    0.1042   0.02146   0.02247   0.05015
     95/99    0.895G   0.03056   0.04293   0.05155     0.125         3       640    0.1028    0.8452    0.1523    0.1067   0.02171   0.02294   0.05013
     96/99    0.895G   0.03052   0.04362   0.05205    0.1262        12       640    0.1014    0.8603    0.1544    0.1083    0.0215   0.02262   0.05015
     97/99    0.895G   0.03045   0.04458   0.05417    0.1292         9       640    0.1014    0.8516    0.1516    0.1069   0.02114   0.02233   0.05015
     98/99    0.895G   0.03001   0.04277   0.05496    0.1277         2       640   0.09952    0.9412    0.1572    0.1105   0.02099   0.02252   0.05021
     99/99    0.895G   0.03042   0.04699   0.05453    0.1319        39       640     0.104    0.8714    0.1583    0.1118   0.02103   0.02217   0.05019
