     0/399    0.904G   0.04488   0.05225   0.03569    0.1328        37       640    0.7623    0.6818    0.7483    0.4102   0.03532   0.03107   0.02266
     1/399     1.18G   0.03975   0.04206   0.03055    0.1124        16       640    0.7986    0.7141    0.8078    0.4907   0.03246   0.02871   0.01924
     2/399     1.18G   0.03902   0.04221   0.02778     0.109        48       640    0.7764     0.798    0.8436    0.5005   0.03304    0.0285   0.01779
     3/399     1.18G   0.04062   0.04225    0.0262    0.1091        41       640    0.8144    0.8025    0.8537    0.5356   0.03212   0.02893     0.017
     4/399     1.18G   0.04245   0.04162   0.02725    0.1113        20       640    0.7814    0.8243    0.8555     0.439   0.03783   0.02969   0.01701
     5/399     1.18G   0.04176   0.04089   0.02461    0.1073        26       640    0.8794    0.7929    0.8812    0.4822   0.03766   0.02824   0.01579
     6/399     1.18G   0.04073   0.04106   0.02374    0.1055        17       640    0.8247    0.8465     0.881    0.4351   0.04044   0.02876   0.01461
     7/399     1.18G   0.04054    0.0392   0.02319    0.1029        50       640    0.8605    0.8456    0.9007    0.5367   0.03421   0.02819    0.0136
     8/399     1.18G   0.03916   0.04035    0.0219    0.1014        20       640    0.9176     0.872    0.9359    0.5875   0.03309   0.02772   0.01181
     9/399     1.18G   0.03898   0.03998   0.02089   0.09985        43       640    0.8761    0.8754    0.9246    0.5908   0.03183   0.02696   0.01254
    10/399     1.18G   0.03886   0.03826   0.02071   0.09783        50       640    0.9238    0.8834    0.9448    0.5981   0.03148   0.02658    0.0107
    11/399     1.18G   0.03921   0.03823   0.01969   0.09714        32       640    0.9181    0.9041    0.9462    0.6002   0.03217   0.02687    0.0103
    12/399     1.18G   0.03792    0.0382   0.01891   0.09503        19       640    0.9231     0.894    0.9493    0.5953   0.03261   0.02687  0.009722
    13/399     1.18G   0.03732   0.03745    0.0187   0.09346        23       640    0.9058    0.9011    0.9424    0.5561   0.03398   0.02702   0.01029
    14/399     1.18G   0.03803   0.03762   0.01879   0.09444        33       640    0.9271    0.8925    0.9459    0.5989   0.03347   0.02657   0.00952
    15/399     1.18G   0.03873   0.03816   0.01808   0.09497        31       640    0.9378    0.8951    0.9493    0.5601   0.03478   0.02704  0.009213
    16/399     1.18G   0.03665   0.03686   0.01734   0.09086        34       640    0.9316    0.9137    0.9575    0.6486   0.02986   0.02564  0.008863
    17/399     1.18G   0.03746   0.03682   0.01659   0.09086        20       640    0.9441    0.9272    0.9649    0.5761   0.03489   0.02677  0.008031
    18/399     1.18G   0.03638   0.03637   0.01609   0.08884        13       640    0.9378    0.9246    0.9561    0.6356   0.03011   0.02575    0.0085
    19/399     1.18G   0.03706   0.03553   0.01623   0.08882        14       640    0.9332    0.9154    0.9586    0.6098   0.03148   0.02608  0.008848
    20/399     1.18G   0.03665   0.03662   0.01593   0.08919        47       640    0.9467    0.9177    0.9653     0.652   0.02988   0.02617  0.008237
    21/399     1.18G   0.03703   0.03654   0.01564    0.0892        11       640    0.9477    0.9248    0.9574    0.6366   0.03129   0.02578  0.008461
    22/399     1.18G   0.03644   0.03563   0.01576   0.08783        30       640     0.959    0.9127    0.9604    0.6495   0.02953   0.02599  0.008228
    23/399     1.18G   0.03652   0.03494   0.01592   0.08739        30       640    0.9527    0.9341    0.9696    0.6686   0.02925   0.02547  0.007445
    24/399     1.18G   0.03516   0.03485   0.01547   0.08548        20       640    0.9618    0.9295    0.9664    0.6298   0.03146   0.02551  0.007215
    25/399     1.18G   0.03544   0.03427   0.01494   0.08465        18       640    0.9651    0.9269      0.97    0.6675   0.02927   0.02577  0.007214
    26/399     1.18G   0.03516   0.03571    0.0144   0.08528        16       640    0.9503    0.9237    0.9644    0.6171   0.03197   0.02561  0.007315
    27/399     1.18G   0.03447   0.03493   0.01441    0.0838        33       640    0.9526    0.9371    0.9656    0.6582   0.03011   0.02548   0.00745
    28/399     1.18G   0.03493    0.0343   0.01439   0.08362        17       640    0.9484    0.9494    0.9679    0.6415   0.03131   0.02557  0.007262
    29/399     1.18G    0.0351   0.03452    0.0144   0.08403        19       640    0.9586     0.935    0.9665    0.6696   0.02837   0.02541   0.00715
    30/399     1.18G    0.0345    0.0344   0.01376   0.08266        31       640    0.9558    0.9475    0.9709    0.6489   0.03036   0.02494  0.006843
    31/399     1.18G   0.03491   0.03479   0.01355   0.08325        27       640    0.9615    0.9467    0.9762    0.6775   0.02871   0.02467  0.006492
    32/399     1.18G   0.03469   0.03422   0.01404   0.08295        20       640    0.9693    0.9476    0.9747    0.6759    0.0288   0.02482  0.006532
    33/399     1.18G   0.03477   0.03494   0.01378   0.08349        31       640    0.9721    0.9372    0.9726    0.6692    0.0292   0.02465   0.00638
    34/399     1.18G   0.03384   0.03413   0.01368   0.08165        25       640    0.9655     0.949    0.9747    0.6746   0.02866   0.02467  0.006279
    35/399     1.18G   0.03401   0.03528   0.01302   0.08231        30       640    0.9703    0.9485    0.9763    0.6677   0.02943   0.02489  0.006136
    36/399     1.18G   0.03385   0.03417   0.01279    0.0808        55       640    0.9608    0.9465    0.9743     0.694   0.02783   0.02452  0.006415
    37/399     1.18G   0.03376   0.03298   0.01302   0.07976        30       640    0.9592    0.9471    0.9737    0.6747   0.02871   0.02452   0.00637
    38/399     1.18G   0.03276   0.03393   0.01255   0.07924        37       640     0.971    0.9488    0.9734    0.6338   0.03189   0.02477  0.006134
    39/399     1.18G   0.03358   0.03282   0.01282   0.07922        16       640    0.9678    0.9523    0.9756    0.6857   0.02777   0.02463  0.006203
    40/399     1.18G   0.03323   0.03415   0.01277   0.08015        35       640     0.977    0.9599    0.9771    0.7092   0.02718   0.02378  0.006031
    41/399     1.18G   0.03305   0.03384   0.01289   0.07977        31       640    0.9702    0.9617    0.9795    0.6813   0.02864   0.02373   0.00567
    42/399     1.18G   0.03398   0.03399   0.01278   0.08075        29       640    0.9823    0.9631    0.9818      0.71   0.02695   0.02376  0.005383
    43/399     1.18G   0.03308   0.03302   0.01238   0.07848        23       640    0.9719     0.968    0.9813    0.6847   0.02832   0.02389  0.005441
    44/399     1.18G   0.03272   0.03321   0.01258   0.07851        28       640    0.9773     0.966    0.9819    0.6962   0.02769   0.02389  0.005506
    45/399     1.18G   0.03324    0.0333   0.01245   0.07899        34       640    0.9798    0.9605    0.9802    0.7109   0.02674   0.02354  0.005617
    46/399     1.18G   0.03299   0.03306   0.01172   0.07777        22       640    0.9788     0.961     0.981    0.7104   0.02679    0.0235  0.005471
    47/399     1.18G   0.03231    0.0327   0.01197   0.07699        24       640    0.9809    0.9627    0.9825    0.7032   0.02747   0.02412  0.005369
    48/399     1.18G   0.03242   0.03315   0.01216   0.07772        39       640    0.9779    0.9666    0.9823    0.7139   0.02676   0.02381  0.005176
    49/399     1.18G   0.03217   0.03262   0.01218   0.07697        30       640    0.9764    0.9642    0.9818    0.7111   0.02694   0.02369  0.005432
    50/399     1.18G   0.03235   0.03318   0.01195   0.07748        19       640    0.9778    0.9577    0.9776    0.7032   0.02729   0.02389  0.005627
    51/399     1.18G   0.03236   0.03306     0.012   0.07743        51       640    0.9738    0.9652    0.9797    0.7144   0.02678   0.02347  0.005249
    52/399     1.18G   0.03217   0.03292   0.01171   0.07681        22       640     0.973    0.9661    0.9801    0.6939   0.02789   0.02362  0.005422
    53/399     1.18G   0.03276   0.03302   0.01165   0.07744        28       640    0.9824      0.97    0.9834    0.7229   0.02622   0.02289  0.004948
    54/399     1.18G    0.0319   0.03174   0.01203   0.07567        14       640    0.9822    0.9676    0.9819    0.7183    0.0265   0.02301  0.005016
    55/399     1.18G   0.03193   0.03224   0.01169   0.07585        12       640    0.9775    0.9616     0.981    0.7121   0.02659   0.02368  0.005361
    56/399     1.18G   0.03162   0.03143   0.01157   0.07462        22       640    0.9794    0.9629    0.9811    0.7231    0.0262   0.02278  0.005222
    57/399     1.18G   0.03085   0.03217   0.01113   0.07415        32       640     0.981    0.9628    0.9834    0.7205   0.02647   0.02341   0.00497
    58/399     1.18G   0.03135   0.03183   0.01097   0.07415        22       640    0.9787     0.961    0.9804    0.7142   0.02648   0.02335  0.005214
    59/399     1.18G   0.03214   0.03226   0.01123   0.07563        14       640     0.982    0.9739    0.9823    0.7042   0.02789    0.0237  0.005163
    60/399     1.18G   0.03144   0.03146   0.01088   0.07378        27       640    0.9822    0.9702    0.9826    0.7169   0.02601   0.02301  0.005021
    61/399     1.18G    0.0311   0.03152   0.01115   0.07377        23       640    0.9829    0.9749    0.9834    0.7237   0.02613   0.02331  0.005149
    62/399     1.18G   0.03085   0.03173   0.01118   0.07376        26       640    0.9785    0.9661    0.9824    0.7354   0.02552   0.02257  0.005164
    63/399     1.18G   0.03191   0.03282    0.0113   0.07603        23       640    0.9867    0.9705     0.984    0.7189   0.02608   0.02272  0.005009
    64/399     1.18G    0.0313    0.0313   0.01055   0.07315        42       640    0.9814    0.9761    0.9847    0.7255   0.02598   0.02263  0.004847
    65/399     1.18G   0.03194   0.03164   0.01081   0.07438        13       640    0.9866    0.9716    0.9842    0.7313   0.02577   0.02267  0.004879
    66/399     1.18G   0.03152   0.03139   0.01084   0.07375        16       640    0.9789    0.9719    0.9837    0.7337   0.02598   0.02279  0.004877
    67/399     1.18G    0.0306   0.03155   0.01049   0.07264        49       640    0.9818    0.9735    0.9834    0.7251   0.02589   0.02285  0.004789
    68/399     1.18G   0.03039   0.03153   0.01102   0.07294        25       640    0.9738    0.9703    0.9813     0.733   0.02562   0.02247  0.005108
    69/399     1.18G   0.03135   0.03142   0.01087   0.07365        32       640    0.9826    0.9767    0.9838    0.7307   0.02587   0.02241   0.00472
    70/399     1.18G   0.03036    0.0307   0.01048   0.07155        23       640    0.9795    0.9715    0.9831    0.7296   0.02549   0.02269   0.00494
    71/399     1.18G   0.03037   0.03033   0.01054   0.07125        47       640    0.9774    0.9686    0.9826    0.7273   0.02583   0.02243  0.005084
    72/399     1.18G   0.02973   0.02992   0.01081   0.07046        26       640    0.9854    0.9658    0.9821    0.7351   0.02526   0.02292  0.004622
    73/399     1.18G   0.03111    0.0312   0.01102   0.07333        22       640    0.9843    0.9606    0.9811    0.7229   0.02583   0.02265  0.005053
    74/399     1.18G   0.03098   0.03119   0.01098   0.07314        34       640      0.98    0.9735    0.9831    0.7373   0.02554   0.02269  0.004707
    75/399     1.18G   0.02982   0.03052   0.01035    0.0707        22       640    0.9803    0.9751    0.9847    0.7409   0.02517   0.02238  0.004477
    76/399     1.18G   0.03081   0.03053   0.01091   0.07224        14       640    0.9769    0.9742    0.9825    0.7432   0.02494   0.02218  0.004783
    77/399     1.18G   0.03112   0.03081    0.0103   0.07223        19       640    0.9811    0.9734    0.9858    0.7452   0.02514   0.02236  0.004667
    78/399     1.18G   0.02964   0.03047   0.00995   0.07007        39       640    0.9808    0.9736    0.9845    0.7323   0.02534   0.02233  0.004706
    79/399     1.18G   0.03011   0.02987   0.01031   0.07029        16       640    0.9771    0.9719    0.9817    0.7505   0.02458   0.02192  0.004945
    80/399     1.18G    0.0304   0.02997  0.009891   0.07027        26       640    0.9763    0.9703    0.9844    0.7497   0.02459   0.02211  0.004567
    81/399     1.18G   0.03042   0.03067    0.0098   0.07089        13       640    0.9864    0.9773    0.9851    0.7398    0.0253   0.02255  0.004443
    82/399     1.18G   0.02987   0.02962  0.009879   0.06937        40       640    0.9848     0.978    0.9852    0.7506   0.02487    0.0221  0.004402
    83/399     1.18G    0.0297   0.03069  0.009911    0.0703        24       640     0.983    0.9764     0.984    0.7458   0.02488   0.02207  0.004429
    84/399     1.18G   0.03015   0.03069  0.009687   0.07053        35       640    0.9852    0.9764    0.9839    0.7489   0.02471   0.02185  0.004528
    85/399     1.18G   0.03024   0.03029   0.01012   0.07065        27       640    0.9851    0.9755    0.9839    0.7526   0.02462     0.022   0.00456
    86/399     1.18G   0.03016   0.02979   0.01007   0.07002        41       640    0.9809    0.9723    0.9835    0.7413   0.02499   0.02252  0.004836
    87/399     1.18G   0.02959   0.02941   0.01012   0.06912        34       640    0.9852    0.9665    0.9815     0.745   0.02494   0.02246  0.004721
    88/399     1.18G   0.03001   0.03101    0.0105   0.07151        35       640     0.978    0.9723    0.9833    0.7474   0.02492   0.02233   0.00473
    89/399     1.18G   0.03065   0.03075   0.01105   0.07246        14       640    0.9751    0.9753    0.9848    0.7439   0.02465   0.02194  0.004655
    90/399     1.18G   0.02909    0.0309   0.01032    0.0703        21       640    0.9799    0.9674    0.9821    0.7451   0.02487   0.02263  0.004628
    91/399     1.18G   0.02954    0.0297   0.01024   0.06947        13       640    0.9789     0.974    0.9856    0.7404   0.02479   0.02199  0.004666
