      0/99    0.858G    0.1198   0.06143   0.06664    0.2478        41       640  0.001481   0.05556  0.001015 0.0001015     0.119   0.05051   0.06954
      1/99     0.86G     0.116   0.04938   0.06637    0.2317        19       640         0         0         0         0    0.1182    0.0513   0.06948
      2/99     0.86G    0.1123   0.05376   0.06398    0.2301        24       640         0         0         0         0    0.1174   0.05201   0.06943
      3/99     0.86G    0.1125    0.0582   0.06596    0.2367        26       640         0         0         0         0    0.1162   0.05293   0.06931
      4/99     0.86G     0.112   0.05479   0.06631    0.2331        21       640         0         0         0         0    0.1151   0.05386   0.06913
      5/99     0.86G    0.1018   0.06037   0.06148    0.2237        36       640         0         0         0         0    0.1143   0.05443   0.06905
      6/99     0.86G    0.1128   0.05944   0.06722    0.2394        37       640         0         0         0         0    0.1136   0.05502    0.0689
      7/99     0.86G    0.1079   0.06015   0.06522    0.2333        40       640         0         0         0         0    0.1128   0.05554   0.06877
      8/99     0.86G    0.1074   0.06079   0.06612    0.2343        32       640         0         0         0         0    0.1117   0.05633   0.06853
      9/99     0.86G   0.09778   0.06201   0.06179    0.2216        40       640         0         0         0         0    0.1107   0.05705   0.06829
     10/99     0.86G    0.1003   0.06055   0.06107     0.222        32       640         0         0         0         0    0.1094   0.05798   0.06808
     11/99     0.86G    0.1035   0.06527   0.06608    0.2348        20       640         0         0         0         0    0.1079   0.05907   0.06784
     12/99     0.86G   0.09984   0.06485   0.06481    0.2295        34       640         0         0         0         0    0.1065   0.06003   0.06761
     13/99     0.86G    0.1013   0.06231    0.0642    0.2278        41       640  0.000512  0.005556 4.449e-05 8.898e-06    0.1048   0.06125   0.06734
     14/99     0.86G   0.09823    0.0703   0.06434    0.2329        29       640 0.0009759   0.03333  0.000164 2.105e-05    0.1031    0.0624   0.06713
     15/99     0.86G    0.0918   0.05747   0.06066    0.2099        25       640 0.0009422   0.03333 0.0001627  2.06e-05    0.1017    0.0634   0.06694
     16/99     0.86G   0.09456   0.07052   0.06358    0.2287        24       640 0.0009377   0.03333 0.0001543 1.871e-05   0.09987   0.06472   0.06667
     17/99     0.86G   0.09283   0.07291   0.06394    0.2297        29       640 0.0009437   0.03333 0.0001719 1.719e-05   0.09865   0.06565   0.06656
     18/99     0.86G   0.08667   0.07265    0.0602    0.2195        24       640 0.0009337   0.03333 0.0001781 1.781e-05   0.09727   0.06667   0.06634
     19/99     0.86G   0.09164   0.08277   0.06385    0.2383        34       640 0.0009306   0.03333 0.0001791 2.894e-05   0.09607   0.06758   0.06614
     20/99     0.86G   0.09124   0.06913   0.06385    0.2242        34       640  0.002052   0.08889 0.0008134 9.099e-05    0.0947   0.06866   0.06588
     21/99     0.86G   0.08933   0.07403   0.06401    0.2274        48       640  0.002048   0.08889 0.0008932 0.0001035   0.09344   0.06965   0.06565
     22/99     0.86G   0.08893   0.07404   0.06278    0.2257        25       640  0.002725    0.1167  0.001122 0.0001331   0.09223    0.0706   0.06549
     23/99     0.86G   0.08131   0.07338   0.05956    0.2143        14       640  0.002728    0.1167  0.001319  0.000159     0.091   0.07154   0.06524
     24/99     0.86G   0.08598   0.08489   0.06291    0.2338        35       640  0.002742    0.1167  0.001536 0.0001857   0.08982   0.07241     0.065
     25/99     0.86G   0.08158   0.06808   0.06102    0.2107        22       640   0.00399    0.1722   0.00436 0.0004617   0.08887   0.07311   0.06482
     26/99     0.86G   0.07951   0.06373   0.05959    0.2028        20       640  0.003955    0.1722   0.00558 0.0005878   0.08797    0.0738   0.06451
     27/99     0.86G    0.0818    0.0786   0.06302    0.2234        22       640  0.004171    0.1778  0.005979 0.0006414    0.0872   0.07433   0.06422
     28/99     0.86G     0.082   0.06166   0.06343    0.2071        19       640   0.00445    0.1833  0.006272 0.0006634   0.08665   0.07462   0.06403
     29/99     0.86G    0.0804   0.08544   0.06225    0.2281        32       640   0.01117   0.08254   0.01469  0.001511   0.08614     0.075   0.06391
     30/99     0.86G   0.08145   0.06953   0.06289    0.2139        24       640   0.01062   0.08254   0.01606  0.001652   0.08574   0.07527   0.06375
     31/99     0.86G   0.08087   0.09175   0.06187    0.2345        31       640   0.01022   0.08254   0.01188   0.00124   0.08532   0.07558   0.06359
     32/99     0.86G     0.081   0.08099   0.06215    0.2241        39       640    0.0107    0.0881   0.01286  0.001349   0.08467   0.07603   0.06336
     33/99     0.86G   0.07914   0.08563   0.06144    0.2262        25       640   0.01125    0.0881    0.0149   0.00159   0.08442   0.07618   0.06322
     34/99     0.86G   0.07635   0.09361   0.06188    0.2318        26       640   0.01375    0.1548    0.0169  0.001858   0.08382   0.07654   0.06293
     35/99     0.86G   0.07539   0.08171   0.06138    0.2185        32       640   0.01486    0.1825   0.01846   0.00204    0.0835   0.07674   0.06279
     36/99     0.86G   0.07252   0.07845   0.05787    0.2088        27       640   0.01596    0.2103   0.02721   0.00299   0.08295   0.07701   0.06254
     37/99     0.86G   0.07775   0.06659   0.06209    0.2064        28       640    0.4684   0.04245   0.02766  0.002968   0.08253   0.07724   0.06228
     38/99     0.86G   0.07733   0.09006   0.06144    0.2288        47       640   0.01794     0.254   0.03107  0.003296    0.0823   0.07719   0.06207
     39/99     0.86G   0.07556   0.09113    0.0617    0.2284        27       640   0.01638    0.2262   0.02447  0.002649   0.08229    0.0771     0.062
     40/99     0.86G   0.07775   0.07476   0.06161    0.2141        28       640   0.01668     0.254    0.0336  0.003996   0.08201   0.07713   0.06172
     41/99     0.86G   0.07145   0.07965   0.06021    0.2113        38       640    0.3526   0.04444   0.03113  0.003303   0.08167   0.07725   0.06157
     42/99     0.86G   0.07162   0.08804   0.06028    0.2199        42       640    0.3529      0.05   0.03292  0.003952   0.08146    0.0773   0.06145
     43/99     0.86G    0.0744   0.08301   0.06043    0.2178        34       640    0.3541      0.05   0.03632   0.00438   0.08134   0.07722   0.06129
     44/99     0.86G    0.0715   0.08052   0.06115    0.2132        34       640    0.3479   0.03889   0.03706  0.004077   0.08128   0.07713   0.06118
     45/99     0.86G   0.07324   0.07761    0.0606    0.2115        26       640    0.0115    0.2426   0.04329  0.004744   0.08111   0.07697   0.06102
     46/99     0.86G   0.07218   0.06629   0.05988    0.1983        23       640    0.6862   0.01667   0.04483  0.005022   0.08079   0.07711   0.06092
     47/99     0.86G   0.07657   0.09606   0.06047    0.2331        41       640  0.009504    0.2214   0.04574  0.004976   0.08055   0.07717   0.06078
     48/99     0.86G   0.07333   0.08216   0.06092    0.2164        27       640   0.01095    0.2585   0.04617  0.005167   0.08056   0.07696   0.06068
     49/99     0.86G   0.07304    0.0977   0.06096    0.2317        35       640   0.01056    0.2585   0.05317  0.005988   0.08048   0.07687   0.06061
     50/99     0.86G   0.06824   0.08831   0.05735    0.2139        19       640    0.7982   0.02778   0.05569  0.006313   0.08066   0.07657   0.06058
     51/99     0.86G   0.06774   0.08061   0.05965     0.208        19       640    0.9093   0.03246   0.05581  0.006259   0.08066   0.07643   0.06056
     52/99     0.86G   0.07397   0.08307   0.06073    0.2178        28       640    0.9085   0.03333   0.05603   0.00629   0.08049   0.07646   0.06048
     53/99     0.86G   0.07479     0.089    0.0607    0.2245        30       640    0.9075   0.03333   0.05598  0.006364   0.08033   0.07645   0.06038
     54/99     0.86G   0.07139     0.082   0.06091    0.2143        20       640    0.6828   0.03333   0.05562  0.006399   0.08021   0.07646   0.06031
     55/99     0.86G   0.06594   0.09631   0.05762    0.2199        17       640   0.01978   0.05709   0.05619   0.00649   0.08022   0.07636    0.0603
     56/99     0.86G   0.06965   0.09284   0.05875    0.2212        38       640   0.03822   0.08032   0.05677  0.006653   0.08005   0.07646   0.06019
     57/99     0.86G   0.07356   0.08309   0.05953    0.2162        34       640   0.05056    0.0931   0.05735  0.006787   0.07988   0.07656   0.06011
     58/99     0.86G   0.07225   0.09228   0.06036    0.2249        38       640   0.06264    0.1056   0.05716  0.006854   0.07974   0.07659   0.06003
     59/99     0.86G   0.07173    0.0709   0.06051    0.2031        29       640   0.06211    0.1214   0.05681  0.006843   0.07952   0.07671   0.05992
     60/99     0.86G   0.07164   0.07534   0.05995    0.2069        29       640    0.0553    0.1214   0.05615  0.006818   0.07949   0.07666   0.05986
     61/99     0.86G   0.07352   0.09801    0.0609    0.2324        65       640   0.04095    0.1214   0.05726  0.007129   0.07957   0.07629   0.05982
     62/99     0.86G   0.06917    0.1015    0.0591    0.2298        36       640   0.04095    0.1214   0.05726  0.007129   0.07957   0.07629   0.05982
     63/99     0.86G   0.06855   0.09026   0.05864    0.2175        23       640   0.03775    0.1214   0.05737  0.007049   0.07956   0.07624   0.05981
     64/99     0.86G   0.06584    0.0711   0.05639    0.1933        34       640   0.03476    0.1214   0.05745  0.007216   0.07936   0.07633   0.05974
     65/99     0.86G   0.06648   0.08743   0.05581    0.2097        39       640   0.03408    0.1214   0.05735  0.007074   0.07921   0.07638   0.05966
     66/99     0.86G   0.06956   0.08963   0.06068    0.2199        48       640   0.02958    0.1214   0.05945  0.007419   0.07894   0.07642   0.05958
     67/99     0.86G   0.06525    0.0657   0.05465    0.1856        18       640   0.02732    0.1214   0.05772  0.007341   0.07868   0.07653   0.05946
     68/99     0.86G   0.06871   0.07707   0.05968    0.2055        19       640   0.02277    0.1056   0.05835  0.008136   0.07833   0.07661   0.05933
     69/99     0.86G   0.07235    0.0939   0.05893    0.2252        28       640   0.02277    0.1056   0.05835  0.008136   0.07833   0.07661   0.05933
     70/99     0.86G   0.06597   0.07301   0.05693    0.1959        35       640   0.02426    0.1355    0.0575   0.00824   0.07828   0.07654   0.05926
     71/99     0.86G   0.06912   0.09784   0.05864    0.2256        48       640   0.03083     0.177   0.06013  0.008617   0.07827    0.0764   0.05921
     72/99     0.86G    0.0627   0.07235    0.0557    0.1907        17       640   0.03083     0.177   0.06013  0.008617   0.07827    0.0764   0.05921
     73/99     0.86G    0.0615   0.07424   0.05488    0.1906        31       640   0.03691     0.227   0.06085  0.008404   0.07812   0.07646   0.05915
     74/99     0.86G   0.06542   0.07979   0.05881     0.204        47       640   0.04024     0.264   0.06138  0.007935   0.07793   0.07642   0.05905
     75/99     0.86G   0.06928   0.06579    0.0591    0.1942        23       640   0.04024     0.264   0.06138  0.007935   0.07793   0.07642   0.05905
     76/99     0.86G   0.06634    0.1001   0.05932    0.2258        48       640    0.0379     0.264   0.05079  0.007091   0.07767   0.07645   0.05898
     77/99     0.86G   0.06579    0.0932    0.0571    0.2161        31       640   0.03843     0.264   0.05088  0.007298   0.07766   0.07638   0.05894
     78/99     0.86G   0.06732   0.07185   0.05449    0.1937        26       640   0.03379     0.264   0.05106  0.007402   0.07734   0.07649   0.05884
     79/99     0.86G   0.07065    0.0841   0.05936    0.2141        36       640   0.03379     0.264   0.05106  0.007402   0.07734   0.07649   0.05884
     80/99     0.86G   0.06294   0.06334   0.05933    0.1856        21       640   0.02975     0.264   0.05222  0.007536   0.07717   0.07646   0.05877
     81/99     0.86G   0.06661   0.07009   0.05996    0.1967        25       640   0.02777     0.264   0.05095  0.007676     0.077    0.0764   0.05866
     82/99     0.86G   0.06329   0.08192   0.05628    0.2015        40       640   0.02683     0.264   0.04955  0.007469     0.077   0.07625   0.05858
     83/99     0.86G   0.06749    0.0781   0.05978    0.2054        32       640   0.02683     0.264   0.04955  0.007469     0.077   0.07625   0.05858
     84/99     0.86G   0.06585   0.08894   0.05791    0.2127        42       640    0.0247     0.264   0.05159  0.007736   0.07683   0.07631   0.05852
     85/99     0.86G   0.06974   0.08555   0.05863    0.2139        32       640    0.3796    0.1175   0.05995  0.008831   0.07668   0.07624   0.05846
     86/99     0.86G   0.06781   0.07529   0.05826    0.2014        19       640    0.3796    0.1175   0.05995  0.008831   0.07668   0.07624   0.05846
     87/99     0.86G   0.06176    0.0813   0.05595     0.199        20       640    0.3797    0.1214   0.06029   0.01115   0.07655   0.07621   0.05841
     88/99     0.86G   0.06907   0.07544    0.0575     0.202        24       640    0.3753    0.1214   0.06076   0.01169   0.07632   0.07626   0.05833
     89/99     0.86G   0.06628   0.08501   0.05829    0.2096        21       640    0.3753    0.1214   0.06076   0.01169   0.07632   0.07626   0.05833
     90/99     0.86G   0.06853   0.08997   0.05915    0.2176        38       640    0.2621    0.1214   0.05986   0.01135    0.0767   0.07589   0.05833
     91/99     0.86G   0.06551   0.08489   0.05735    0.2077        35       640    0.1462    0.1214   0.05887  0.009871   0.07642   0.07594   0.05828
     92/99     0.86G   0.06898   0.08845   0.05806    0.2155        40       640    0.1462    0.1214   0.05887  0.009871   0.07642   0.07594   0.05828
     93/99     0.86G   0.06811    0.0915   0.05821    0.2178        42       640     0.144    0.1214   0.05754  0.009658    0.0764   0.07585   0.05824
     94/99     0.86G    0.0714   0.08184   0.05825    0.2115        22       640     0.144    0.1214   0.05754  0.009658    0.0764   0.07585   0.05824
     95/99     0.86G     0.066   0.08171   0.05918    0.2069        23       640    0.1397    0.1214   0.05661  0.009553   0.07623   0.07588   0.05818
     96/99     0.86G   0.06888   0.08201   0.05883    0.2097        26       640     0.134    0.1214   0.05789   0.01007    0.0761   0.07587   0.05811
     97/99     0.86G   0.06269   0.07701   0.05822    0.1979        29       640     0.134    0.1214   0.05789   0.01007    0.0761   0.07587   0.05811
     98/99     0.86G   0.07079   0.08145   0.05882    0.2111        20       640    0.1325    0.1214   0.06486   0.01198   0.07544   0.07623   0.05804
     99/99     0.86G   0.06658    0.0749   0.05793    0.1994        26       640    0.1325    0.1214   0.06486   0.01198   0.07544   0.07623   0.05804
