     0/399    0.971G   0.04431   0.04831    0.0477    0.1403        28       640    0.3915    0.4828    0.4199    0.2368    0.0397   0.03026   0.04299
     1/399      1.2G   0.04513   0.05537   0.04814    0.1486        52       640    0.3596    0.4729    0.4192    0.2406   0.03876   0.03052   0.04269
     2/399      1.2G    0.0404   0.04395   0.04601    0.1304        35       640    0.7435    0.2737    0.4199     0.246   0.03854   0.02956    0.0425
     3/399      1.2G   0.04043   0.04598   0.04657     0.133        36       640    0.4386     0.445    0.4333    0.2591    0.0382   0.02958   0.04231
     4/399      1.2G    0.0405   0.04626   0.04573    0.1325        42       640    0.4214    0.4613    0.4313    0.2599    0.0379   0.02916   0.04209
     5/399      1.2G   0.03672   0.03716   0.04392    0.1178        62       640    0.2986    0.5615    0.4407    0.2682   0.03777   0.02797   0.04188
     6/399      1.2G   0.03627   0.03735    0.0446    0.1182        50       640    0.3006    0.5773    0.4546    0.2792   0.03763    0.0276   0.04179
     7/399      1.2G   0.03944   0.04136   0.04494    0.1257        31       640     0.497    0.4702     0.458    0.2793   0.03769   0.02808   0.04188
     8/399      1.2G   0.03779    0.0417   0.04553     0.125        50       640    0.3574    0.5301    0.4574    0.2777    0.0377     0.027    0.0416
     9/399      1.2G    0.0388   0.03973   0.04409    0.1226        47       640    0.4038    0.5241    0.4668    0.2846   0.03729   0.02631   0.04139
    10/399      1.2G   0.03797    0.0367   0.04639    0.1211        39       640    0.4187    0.5304    0.4736    0.2869   0.03742   0.02596   0.04128
    11/399      1.2G   0.03764   0.04198   0.04575    0.1254        45       640    0.3977    0.5377    0.4603    0.2795   0.03736   0.02699   0.04115
    12/399      1.2G    0.0374   0.04513   0.04493    0.1275        50       640    0.3901    0.5359    0.4774    0.2878   0.03692   0.02624   0.04103
    13/399      1.2G   0.03904   0.03954    0.0456    0.1242        58       640     0.382    0.5565     0.469    0.2754   0.03749   0.02637   0.04056
    14/399      1.2G   0.03783   0.04082   0.04422    0.1229        39       640    0.3938    0.5337    0.4859    0.2966   0.03699   0.02571   0.04023
    15/399      1.2G   0.03697   0.03734   0.04407    0.1184        43       640    0.3479    0.6169    0.4922    0.3017   0.03681   0.02582   0.03987
    16/399      1.2G    0.0374   0.03751   0.04308     0.118        41       640    0.3979    0.5429    0.4779    0.2932   0.03659   0.02575   0.03978
    17/399      1.2G   0.03767   0.04022   0.04399    0.1219        58       640    0.3489    0.5785    0.4788    0.2857   0.03746   0.02658   0.03975
    18/399      1.2G   0.03663   0.03629    0.0443    0.1172        41       640    0.3871    0.5599    0.4763    0.2913    0.0367   0.02531   0.03951
    19/399      1.2G   0.03921   0.03867    0.0431     0.121        42       640    0.4099    0.5761    0.4771    0.2857   0.03768    0.0253   0.03937
    20/399      1.2G   0.04063   0.04087   0.04315    0.1246        54       640    0.4522    0.5911    0.4902    0.2899   0.03693   0.02521    0.0395
    21/399      1.2G   0.03569   0.03678   0.04378    0.1163        34       640    0.4047    0.6549    0.4968     0.304   0.03677   0.02533   0.03934
    22/399      1.2G   0.03691   0.03395   0.04332    0.1142        57       640    0.3683    0.6476    0.4895    0.2982   0.03663   0.02469   0.03902
    23/399      1.2G   0.03834    0.0375     0.042    0.1178        55       640    0.4983    0.5727     0.508    0.3054   0.03699   0.02462   0.03883
    24/399      1.2G   0.03527   0.03664   0.04321    0.1151        48       640    0.4206    0.6164    0.5044    0.3079   0.03683   0.02455   0.03874
    25/399      1.2G   0.03841   0.03672   0.04427    0.1194        54       640    0.4926    0.5667    0.5003    0.3041   0.03735    0.0245   0.03848
    26/399      1.2G   0.03923   0.04034   0.04309    0.1227        49       640    0.4144    0.5859    0.4973    0.2862   0.03982   0.02475   0.03856
    27/399      1.2G   0.04099   0.03704   0.04413    0.1222        39       640    0.4768    0.5834    0.5082    0.3078   0.03892   0.02469   0.03825
    28/399      1.2G    0.0406   0.03403   0.04143    0.1161        48       640    0.4629    0.6101    0.5156    0.2993   0.03886   0.02442   0.03801
    29/399      1.2G   0.04227    0.0368   0.04163    0.1207        39       640    0.5129    0.5985    0.5347    0.3187   0.03796   0.02469   0.03785
    30/399      1.2G   0.03904   0.04008   0.04401    0.1231        63       640    0.4346    0.6497    0.5349    0.3141   0.03812   0.02451   0.03773
    31/399      1.2G   0.04112    0.0385   0.04305    0.1227        71       640    0.3542    0.6117    0.4731    0.2242   0.04947     0.025   0.03768
    32/399      1.2G   0.04521   0.03694   0.04447    0.1266        35       640    0.4251     0.642     0.529    0.3077   0.03878   0.02421   0.03777
    33/399      1.2G   0.03909   0.03646   0.04424    0.1198        62       640    0.4757     0.576    0.5357    0.3148   0.03941   0.02454   0.03761
    34/399      1.2G    0.0395   0.03599   0.04292    0.1184        75       640    0.4429    0.5647    0.5195    0.2966   0.04104   0.02479   0.03754
    35/399      1.2G   0.04108    0.0384   0.04178    0.1213        30       640     0.389    0.6467    0.5234    0.3019   0.03994   0.02464   0.03745
    36/399      1.2G    0.0382    0.0375   0.04254    0.1182        52       640    0.4202    0.6357     0.504    0.2714   0.04306   0.02449   0.03739
    37/399      1.2G   0.04455   0.04055   0.04249    0.1276        58       640    0.4754    0.6289    0.5325     0.286   0.04482   0.02493   0.03715
    38/399      1.2G   0.04087   0.04178   0.04221    0.1249        40       640    0.5035    0.6195    0.5514    0.3022      0.04   0.02459   0.03712
    39/399      1.2G   0.03997    0.0378   0.04165    0.1194        63       640    0.5083    0.5753    0.5598    0.3202   0.03939   0.02426   0.03692
    40/399      1.2G   0.04227   0.03878   0.03935    0.1204        69       640    0.4017    0.5811    0.5081    0.2679   0.04075   0.02473   0.03691
    41/399      1.2G   0.04021   0.03604      0.04    0.1162        39       640    0.3423    0.7265    0.4741    0.2531   0.04109   0.02441   0.03649
    42/399      1.2G    0.0378   0.03796   0.04151    0.1173        62       640    0.4632    0.6279    0.5466    0.3212   0.03823   0.02488   0.03645
    43/399      1.2G   0.04115   0.03889   0.04213    0.1222        46       640    0.4269    0.6846    0.5267    0.2732   0.04411   0.02439   0.03631
    44/399      1.2G   0.04751   0.03871   0.03936    0.1256        30       640    0.4642    0.6354    0.5482    0.2662   0.04598   0.02498   0.03593
    45/399      1.2G   0.05233   0.04287    0.0415    0.1367        42       640    0.3765    0.6301    0.4659    0.2354   0.04846   0.02522   0.03672
    46/399      1.2G   0.04828   0.04117   0.04258     0.132        78       640    0.4133    0.5081    0.4516    0.2695   0.04488   0.02509    0.0373
    47/399      1.2G   0.04585    0.0406   0.04226    0.1287        48       640    0.4919    0.5713    0.5116     0.283   0.04426   0.02459   0.03781
    48/399      1.2G   0.05366   0.04033   0.04306     0.137        65       640    0.3938    0.7083    0.5093    0.2582   0.05104     0.025   0.03789
    49/399      1.2G   0.04668   0.04113   0.04155    0.1294        36       640    0.4155    0.7067    0.5253    0.2538   0.04535   0.02515   0.03805
    50/399      1.2G   0.04568   0.03815    0.0422     0.126        47       640    0.4062    0.6257    0.4921    0.2452   0.04547   0.02489   0.03762
    51/399      1.2G   0.04391   0.03692   0.04189    0.1227        37       640    0.3681    0.6436    0.4965    0.2708   0.04311    0.0249   0.03722
    52/399      1.2G   0.04079   0.03902   0.04141    0.1212        46       640    0.3575    0.7588    0.5447    0.3182   0.04159   0.02457   0.03654
    53/399      1.2G   0.04253   0.03458   0.03881    0.1159        36       640    0.3624    0.6533    0.4897     0.215   0.05171   0.02587   0.03628
    54/399      1.2G   0.05217   0.03886   0.04004    0.1311        48       640    0.3428    0.7763    0.5351     0.284   0.04631   0.02458   0.03622
    55/399      1.2G   0.04822   0.03875    0.0416    0.1286        49       640    0.5466    0.5329    0.5253    0.2325   0.04825   0.02503   0.03656
    56/399      1.2G   0.04422   0.03929   0.04175    0.1253        53       640    0.5099    0.6306    0.5783    0.3028   0.04079    0.0241   0.03604
    57/399      1.2G   0.04165    0.0398   0.03896    0.1204        71       640    0.4817    0.6236    0.5853    0.3223   0.04186   0.02433   0.03592
    58/399      1.2G   0.04495   0.03967   0.03987    0.1245        54       640    0.6405    0.5718    0.5742    0.2784   0.05247   0.02602   0.03572
    59/399      1.2G   0.04824   0.03591   0.04053    0.1247        34       640    0.6157     0.594    0.5999    0.2997   0.04603   0.02436   0.03578
    60/399      1.2G    0.0462   0.03465   0.03814     0.119        28       640    0.3248    0.6557    0.4767    0.2456   0.04825   0.02469   0.03565
    61/399      1.2G   0.04398   0.03701   0.03968    0.1207        38       640    0.4307    0.6546    0.5643    0.3112   0.04243    0.0245   0.03592
    62/399      1.2G    0.0406   0.04005   0.04106    0.1217        45       640    0.4217    0.6107    0.5465    0.3017   0.04452   0.02489   0.03541
    63/399      1.2G   0.04812   0.03598   0.03995     0.124        42       640    0.3781    0.6767    0.5398    0.2465   0.05142   0.02465   0.03503
    64/399      1.2G   0.04855   0.03953   0.03938    0.1275        36       640    0.4204    0.7228    0.5705    0.2135   0.05126     0.026   0.03491
    65/399      1.2G   0.04754   0.03687   0.04026    0.1247        29       640     0.373    0.6993    0.5667    0.2381   0.04601   0.02506   0.03504
    66/399      1.2G   0.04435   0.03964   0.03923    0.1232        58       640    0.3587    0.7916    0.5537    0.2916   0.04282   0.02446   0.03521
    67/399      1.2G   0.04216   0.03802   0.03884     0.119        59       640    0.3595    0.7367    0.5687    0.3284   0.04274   0.02438   0.03491
    68/399      1.2G   0.04165   0.03704   0.03992    0.1186        56       640     0.613    0.5329    0.5908    0.3311   0.04074   0.02434   0.03469
    69/399      1.2G   0.04289   0.03598   0.03858    0.1174        48       640    0.4051    0.6733    0.5472      0.23   0.05095   0.02514   0.03479
    70/399      1.2G   0.04719   0.03588   0.03989     0.123        73       640    0.4382    0.6845    0.5335    0.2838   0.04432   0.02437   0.03488
    71/399      1.2G     0.044   0.03806   0.03889    0.1209        58       640     0.504    0.7159    0.6159    0.3413    0.0409    0.0247   0.03482
    72/399      1.2G   0.04223   0.03897   0.03816    0.1194        58       640    0.5996     0.636    0.6389    0.3264   0.04268   0.02434   0.03414
    73/399      1.2G   0.03969   0.03856    0.0382    0.1164        68       640    0.6547    0.6485    0.6589    0.3318   0.04422   0.02445   0.03353
    74/399      1.2G    0.0482   0.03966   0.03883    0.1267        42       640    0.5104    0.6305    0.5931    0.2487   0.05092    0.0253   0.03336
    75/399      1.2G   0.05312   0.03648   0.03753    0.1271        78       640    0.5046     0.655    0.5887    0.2998   0.04709     0.025   0.03302
    76/399      1.2G    0.0429   0.03634   0.03612    0.1154        40       640    0.6329    0.6401    0.6477    0.3565   0.04166   0.02466   0.03309
    77/399      1.2G   0.04189   0.03561   0.03715    0.1146        34       640    0.6477    0.6381    0.6382    0.3344   0.04122   0.02441   0.03368
    78/399      1.2G   0.04016    0.0372   0.03747    0.1148        48       640    0.6615     0.609    0.6559    0.3941   0.03857   0.02368   0.03358
    79/399      1.2G   0.03895   0.03686   0.03777    0.1136        62       640    0.5928     0.652    0.6613    0.3727   0.03839   0.02394   0.03337
    80/399      1.2G   0.04002    0.0366    0.0371    0.1137        58       640    0.6344    0.5921    0.6338    0.3036   0.04324   0.02446   0.03288
    81/399      1.2G   0.04125   0.03483   0.03838    0.1145        43       640    0.6413    0.6447     0.657    0.3369   0.04133   0.02517   0.03268
    82/399      1.2G   0.04357   0.03791   0.03576    0.1172        81       640    0.5686    0.5864    0.5987    0.2755   0.04653   0.02524   0.03244
    83/399      1.2G   0.04658   0.03438    0.0381    0.1191        69       640    0.6742    0.5752    0.6456    0.2992   0.04642   0.02573   0.03218
    84/399      1.2G   0.04426   0.03591   0.03796    0.1181        43       640    0.6337     0.615    0.6568    0.3398   0.04361   0.02506   0.03228
    85/399      1.2G   0.04338   0.03809   0.03814    0.1196        31       640    0.6068    0.6932    0.6565     0.366   0.04005   0.02486   0.03236
    86/399      1.2G    0.0393   0.03716   0.03749     0.114        35       640    0.7189    0.6511    0.6805    0.3899   0.03995   0.02452   0.03218
    87/399      1.2G   0.03843   0.03321   0.03628    0.1079        45       640    0.7621     0.639    0.6911    0.4061   0.03796   0.02444   0.03191
    88/399      1.2G   0.03842    0.0337   0.03601    0.1081        59       640    0.7359    0.6842    0.7008    0.3946   0.03873   0.02375   0.03147
    89/399      1.2G   0.03719   0.03314   0.03725    0.1076        46       640    0.7527    0.6158    0.6999    0.4069   0.03776   0.02443   0.03109
    90/399      1.2G   0.03552    0.0344   0.03587    0.1058        46       640    0.7575    0.6278    0.6983    0.4204   0.03646   0.02404   0.03091
    91/399      1.2G   0.03885   0.03746   0.03553    0.1118        34       640    0.6224    0.6295     0.652    0.3369   0.04212    0.0244   0.03045
    92/399      1.2G   0.03821   0.03653   0.03453    0.1093        55       640    0.7405    0.6268    0.7155    0.4204   0.03778   0.02406   0.03036
    93/399      1.2G   0.03948   0.03434   0.03664    0.1105        30       640    0.6212     0.712    0.7058    0.3721   0.03924   0.02383   0.03062
    94/399      1.2G   0.03826   0.03487   0.03312    0.1062        63       640    0.7536    0.6156    0.6976    0.3437   0.04249   0.02441   0.03032
    95/399      1.2G   0.04112   0.03313   0.03683    0.1111        28       640    0.7266    0.6291    0.7036    0.3718   0.03976   0.02441   0.03024
    96/399      1.2G   0.04202   0.03335   0.03281    0.1082        39       640    0.6899    0.6236    0.6487    0.3007   0.04573   0.02485    0.0307
    97/399      1.2G   0.04375   0.03581   0.03397    0.1135        34       640    0.6525    0.6637    0.6663    0.3654   0.04093   0.02424   0.03073
    98/399      1.2G    0.0387   0.03688   0.03481    0.1104        62       640    0.7226     0.678    0.7049    0.4152   0.03818   0.02387   0.03105
    99/399      1.2G   0.04093   0.03708   0.03458    0.1126        56       640    0.6558    0.6387    0.6854    0.3875   0.03953   0.02479   0.03131
   100/399      1.2G   0.03789   0.03669   0.03515    0.1097        51       640    0.6777    0.6467    0.7095     0.429   0.03829   0.02408   0.03051
   101/399      1.2G   0.03673   0.03314   0.03634    0.1062        42       640    0.6906    0.6871    0.7166    0.4147   0.03807   0.02433   0.03001
   102/399      1.2G   0.04031   0.03546   0.03164    0.1074        33       640    0.6501    0.7043    0.6975    0.3594   0.04442   0.02468   0.02938
   103/399      1.2G   0.04084   0.03681    0.0324      0.11        76       640    0.7074    0.6847    0.7115    0.4089   0.04051   0.02485   0.02932
   104/399      1.2G   0.03902   0.03205   0.03237    0.1034        54       640    0.7077    0.6938    0.7041    0.4065   0.03904    0.0244   0.02898
   105/399      1.2G   0.03777   0.03462   0.03281    0.1052        50       640    0.7297    0.6604    0.7062    0.3894   0.03938   0.02498   0.02878
   106/399      1.2G   0.03584   0.03502   0.03266    0.1035        45       640    0.8281    0.6522    0.7337    0.4301   0.03764   0.02386   0.02864
   107/399      1.2G   0.03996   0.03615   0.03285     0.109        71       640    0.7895    0.6465    0.7207     0.389   0.04125   0.02449   0.02855
   108/399      1.2G   0.04113   0.03567   0.03205    0.1089        46       640    0.7741    0.6499    0.7201     0.388   0.04207   0.02462   0.02871
   109/399      1.2G   0.04067   0.03377   0.03447    0.1089        65       640     0.767    0.6483     0.733    0.4388   0.03775   0.02418   0.02845
   110/399      1.2G   0.03847   0.03399   0.03129    0.1038        35       640     0.739    0.6284    0.7271    0.4209   0.03968   0.02461   0.02859
   111/399      1.2G     0.037   0.03408   0.03179    0.1029        64       640    0.7943    0.6227    0.7364    0.4356   0.03763    0.0243   0.02838
   112/399      1.2G   0.03436   0.03352   0.03015   0.09804        47       640    0.8089    0.6005    0.7362     0.451   0.03732    0.0242    0.0282
   113/399      1.2G   0.03812   0.03651    0.0313    0.1059        36       640    0.7549    0.6318    0.7294    0.4142    0.0383   0.02433   0.02795
   114/399      1.2G   0.03642   0.03672   0.03117    0.1043        56       640    0.8227    0.6209    0.7327    0.3905   0.04002   0.02557   0.02791
   115/399      1.2G   0.04046   0.03817   0.03059    0.1092        45       640    0.7687    0.5604    0.7007    0.3538   0.04296   0.02447   0.02764
   116/399      1.2G   0.04333   0.03228   0.03025    0.1059        59       640      0.76    0.5775    0.6938    0.3651   0.04267   0.02682   0.02769
   117/399      1.2G   0.03976    0.0321   0.03155    0.1034        51       640    0.7858    0.6204    0.7351    0.4502   0.03697   0.02413    0.0276
   118/399      1.2G   0.03515   0.03396    0.0314    0.1005        36       640    0.8021    0.6208    0.7387     0.443   0.03702   0.02454   0.02735
   119/399      1.2G   0.03409   0.03235   0.03089   0.09733        57       640    0.7864    0.6452    0.7436    0.4509   0.03658   0.02422     0.027
   120/399      1.2G   0.03437    0.0318   0.03164   0.09781        23       640    0.8322    0.6037    0.7461    0.4386    0.0368   0.02414   0.02686
   121/399      1.2G   0.03588   0.03514   0.03082    0.1018        61       640     0.811    0.6382    0.7414    0.4177   0.03894   0.02454   0.02664
   122/399      1.2G   0.03761   0.03335   0.02901   0.09998        52       640    0.7178    0.6179    0.7066    0.3552   0.04103   0.02458   0.02652
   123/399      1.2G   0.04033   0.03392   0.02982    0.1041        45       640    0.8096    0.6392    0.7432    0.4272    0.0368   0.02461   0.02664
   124/399      1.2G   0.03872   0.03084   0.02934   0.09889        59       640    0.6966    0.6928    0.7247    0.4077   0.04067   0.02464   0.02663
   125/399      1.2G   0.03733   0.03463   0.03005     0.102        63       640    0.7425    0.6936    0.7435    0.4438   0.03744   0.02455   0.02643
   126/399      1.2G   0.03645   0.03561   0.02836    0.1004        56       640    0.7466    0.6939    0.7502    0.4381   0.03755   0.02415   0.02623
   127/399      1.2G   0.03777   0.03316   0.02838   0.09931        71       640    0.7211    0.7092    0.7463    0.4233   0.04028   0.02476   0.02598
   128/399      1.2G   0.03662   0.03501   0.02883    0.1005        61       640    0.7311    0.7001     0.748    0.4238   0.03784   0.02399   0.02578
   129/399      1.2G   0.03743   0.03374   0.02959    0.1008        50       640    0.7375    0.7317    0.7533    0.4367   0.03836   0.02446   0.02577
   130/399      1.2G   0.03744   0.03432   0.02878    0.1005        48       640    0.6978    0.7319    0.7352    0.4443   0.03782   0.02476    0.0256
   131/399      1.2G   0.03477   0.03094   0.02777   0.09348        42       640    0.7123    0.7263    0.7536    0.4636   0.03602    0.0248   0.02546
   132/399      1.2G   0.03757   0.03429    0.0283    0.1002        41       640    0.8144    0.6128    0.7464    0.4039   0.04039   0.02493   0.02555
   133/399      1.2G   0.03634   0.03276   0.02781   0.09691        66       640    0.9097    0.5859    0.7529    0.4419   0.03858   0.02434   0.02561
   134/399      1.2G   0.03735   0.03525    0.0299    0.1025        45       640     0.917    0.5989    0.7645    0.4589   0.03628   0.02408   0.02564
   135/399      1.2G   0.03534   0.03178   0.02891   0.09603        42       640     0.822     0.646    0.7654    0.4342   0.03809   0.02381   0.02564
   136/399      1.2G   0.03767   0.03463    0.0283    0.1006        39       640    0.7986     0.633    0.7632    0.4528   0.03686   0.02345   0.02521
   137/399      1.2G   0.03812   0.03331    0.0285   0.09993        45       640    0.7776    0.6775     0.771      0.45   0.03988   0.02382   0.02492
   138/399      1.2G   0.04002   0.03425   0.02711    0.1014        35       640    0.8172    0.6532    0.7476     0.431   0.04133   0.02387    0.0253
   139/399      1.2G   0.03966   0.03472   0.02728    0.1017        40       640      0.77    0.7008    0.7613    0.4366   0.03977   0.02426   0.02513
   140/399      1.2G   0.04181   0.03696    0.0277    0.1065        65       640    0.7926    0.7111    0.7775    0.4565    0.0395   0.02415   0.02514
   141/399      1.2G   0.03766   0.03028   0.02653   0.09447        46       640    0.7369    0.7397    0.7544    0.4395   0.03692   0.02354   0.02529
   142/399      1.2G   0.03614   0.03221   0.02949   0.09785        63       640    0.7541    0.7405     0.771     0.476   0.03565    0.0232   0.02507
   143/399      1.2G    0.0355   0.03325   0.02579   0.09454        53       640    0.7052    0.7497     0.756    0.4312   0.03974   0.02438   0.02475
   144/399      1.2G   0.03711   0.03212   0.02608   0.09531        28       640    0.7931    0.7245    0.7775    0.4532   0.03774   0.02377   0.02456
   145/399      1.2G    0.0375   0.03486   0.02615   0.09851        64       640    0.7455    0.7191     0.773    0.4695   0.03761   0.02365   0.02446
   146/399      1.2G   0.03756   0.03217   0.02678   0.09651        68       640    0.7762    0.7189    0.7735    0.4328   0.03984   0.02464    0.0243
   147/399      1.2G   0.03731   0.03635   0.02677    0.1004        52       640    0.7606     0.739    0.7759    0.4815   0.03585   0.02355   0.02428
   148/399      1.2G   0.03587   0.03193   0.02573   0.09353        35       640    0.7785    0.7369    0.7772    0.4495   0.03689   0.02395    0.0241
   149/399      1.2G   0.03752   0.03303   0.02622   0.09677        48       640     0.809    0.6869    0.7689      0.44   0.03882    0.0242   0.02407
   150/399      1.2G   0.03592   0.03383   0.02749   0.09723        56       640    0.7785    0.7122    0.7675    0.4555   0.03693   0.02413   0.02385
   151/399      1.2G   0.03694   0.03405   0.02635   0.09735        71       640    0.7886    0.7277    0.7886    0.4814   0.03883   0.02462   0.02364
   152/399      1.2G   0.03809   0.03391   0.02456   0.09657        59       640    0.7919    0.7066    0.7732    0.4479   0.03793   0.02436    0.0236
   153/399      1.2G   0.03435   0.03188   0.02574   0.09198        44       640    0.7957    0.7196    0.7959    0.4998   0.03513    0.0243    0.0238
   154/399      1.2G   0.03677   0.03466   0.02624   0.09766        44       640    0.7425    0.7058    0.7738    0.4302   0.03738   0.02486   0.02366
   155/399      1.2G   0.03343   0.02986   0.02552   0.08881        34       640    0.8186    0.6774    0.7935    0.4493   0.03731   0.02418   0.02329
   156/399      1.2G   0.03526   0.03137   0.02345   0.09008        41       640    0.9078    0.6702    0.8021    0.5034   0.03496   0.02387   0.02312
   157/399      1.2G     0.036   0.03259   0.02445   0.09305        39       640    0.8895    0.6747    0.7971     0.474   0.03702   0.02465   0.02283
   158/399      1.2G   0.03498   0.03509   0.02403   0.09409        58       640    0.7924    0.7265    0.7987    0.5009   0.03611   0.02442   0.02271
   159/399      1.2G   0.03609   0.03286   0.02468   0.09363        52       640    0.8451    0.6847    0.8023    0.4873   0.03527    0.0239   0.02279
   160/399      1.2G   0.03339   0.03213   0.02577   0.09129        59       640    0.8347     0.696    0.8102     0.501   0.03638   0.02433   0.02263
   161/399      1.2G   0.03276    0.0301    0.0243   0.08716        36       640    0.8445    0.6775    0.7966     0.493   0.03736     0.024   0.02235
   162/399      1.2G   0.03728   0.03135   0.02283   0.09145        48       640    0.7347    0.7374     0.771    0.4114   0.03875   0.02414   0.02184
   163/399      1.2G   0.03798   0.03381   0.02555   0.09733        37       640    0.7441    0.7367    0.7936    0.4749   0.03823   0.02422   0.02169
   164/399      1.2G   0.03637   0.03059   0.02427   0.09122        36       640    0.7623    0.7469    0.8048    0.5049   0.03525   0.02396   0.02181
   165/399      1.2G   0.03438   0.03264   0.02394   0.09096        34       640    0.7855    0.7539    0.7984    0.5118   0.03566   0.02412   0.02197
   166/399      1.2G   0.03293   0.03063   0.02318   0.08674        46       640    0.7981    0.7404    0.7993    0.4956   0.03563   0.02427   0.02169
   167/399      1.2G   0.03448   0.03284   0.02455   0.09187        52       640     0.809    0.7404    0.8086    0.5119   0.03563   0.02404   0.02143
   168/399      1.2G   0.03853   0.03408   0.02282   0.09543        77       640    0.7687     0.715    0.7839    0.4222   0.04231   0.02521    0.0212
   169/399      1.2G   0.03735   0.03688   0.02278   0.09701        56       640    0.8246    0.7453     0.812    0.5073   0.03585   0.02424   0.02131
   170/399      1.2G   0.03535   0.03142   0.02267   0.08945        33       640    0.8085    0.7601    0.8194    0.4967   0.03719   0.02427   0.02106
   171/399      1.2G   0.03646   0.03325    0.0238   0.09351        61       640    0.8225    0.7389    0.8252    0.5027   0.03679    0.0245   0.02077
   172/399      1.2G   0.03506   0.03179   0.02358   0.09043        43       640    0.8076    0.7558    0.8265    0.5374   0.03469   0.02364   0.02109
   173/399      1.2G    0.0334   0.03477   0.02335   0.09152        81       640    0.8583    0.7259    0.8286    0.5245   0.03497   0.02392    0.0213
   174/399      1.2G   0.03288   0.03099   0.02183    0.0857        40       640    0.8625    0.7249    0.8252    0.5169   0.03543   0.02354   0.02075
   175/399      1.2G   0.03317   0.03404   0.02116   0.08838        41       640     0.852    0.7352    0.8162    0.4905   0.03578    0.0235   0.02035
   176/399      1.2G   0.03757   0.03219   0.02246   0.09222        49       640    0.8558    0.7084    0.8014    0.4263   0.04008   0.02418   0.01984
   177/399      1.2G   0.04034   0.03586   0.02168   0.09787        75       640    0.8406    0.7456    0.7964    0.4876   0.03812   0.02398    0.0198
   178/399      1.2G   0.03483   0.03084   0.02093   0.08659        45       640    0.8119    0.7576    0.8088    0.5109   0.03508   0.02329   0.01989
   179/399      1.2G   0.03457   0.03194   0.02308   0.08959        56       640     0.736    0.7905    0.8034    0.5059   0.03612   0.02394   0.01995
   180/399      1.2G   0.03368   0.03223   0.02157   0.08749        39       640    0.7561    0.7871     0.811     0.516   0.03436   0.02354   0.01978
   181/399      1.2G    0.0329   0.03348   0.02238   0.08875        43       640    0.8347    0.7298    0.8168    0.5154   0.03405   0.02366   0.01983
   182/399      1.2G   0.03451   0.03261    0.0226   0.08973        59       640    0.8711    0.7042    0.8211    0.5066   0.03571    0.0239   0.01964
   183/399      1.2G    0.0346   0.03373   0.02099   0.08932        52       640    0.9064       0.7    0.8166     0.486    0.0372   0.02356   0.01977
   184/399      1.2G   0.03857   0.03314   0.02089   0.09261        38       640    0.8604    0.7022    0.8167    0.4427    0.0404    0.0245   0.01983
   185/399      1.2G   0.03791   0.03113   0.02078   0.08982        58       640     0.842    0.7307    0.8183      0.49   0.03644   0.02402   0.01967
   186/399      1.2G   0.03474   0.03364   0.02167   0.09006        57       640    0.8399    0.7239    0.8164    0.4989   0.03556   0.02382   0.01965
   187/399      1.2G   0.03673   0.03291   0.02152   0.09117        57       640    0.9003    0.6907     0.818    0.5067    0.0349   0.02463   0.01959
   188/399      1.2G   0.03329   0.03254   0.01999   0.08582        34       640    0.8576     0.728    0.8283    0.5169   0.03472   0.02347   0.01966
   189/399      1.2G   0.03374   0.03397   0.02049    0.0882        58       640    0.8507    0.7291    0.8274    0.5247   0.03419   0.02327   0.01973
   190/399      1.2G   0.03534    0.0335   0.01962   0.08846        54       640    0.8481    0.7186    0.8156    0.4835   0.03797   0.02387   0.01963
   191/399      1.2G   0.03493   0.03219   0.01979   0.08691        33       640    0.8428    0.7423    0.8278     0.529   0.03492   0.02348   0.01914
   192/399      1.2G   0.03473   0.03333   0.02055   0.08861        66       640    0.8444    0.7392    0.8362    0.5152   0.03633   0.02368   0.01911
   193/399      1.2G   0.03461   0.03246   0.02086   0.08793        74       640    0.8671    0.7445    0.8385    0.5246   0.03567   0.02353   0.01895
   194/399      1.2G   0.03311   0.02841   0.02105   0.08257        58       640    0.8896     0.749    0.8358    0.5375   0.03414   0.02362   0.01881
   195/399      1.2G   0.03398   0.03105   0.02174   0.08678        73       640    0.8769    0.7392    0.8321    0.5207   0.03484    0.0233   0.01878
   196/399      1.2G   0.03316   0.03176   0.02019   0.08511        45       640    0.8708    0.7664    0.8412    0.4966   0.03627   0.02386   0.01852
   197/399      1.2G    0.0335   0.03224   0.02092   0.08665        29       640    0.8758    0.7608    0.8383    0.5146   0.03503   0.02372    0.0185
   198/399      1.2G   0.03639   0.03329   0.01988   0.08956        49       640    0.8714    0.7576    0.8432    0.4489   0.03924   0.02479   0.01838
   199/399      1.2G   0.04026   0.03318   0.01966   0.09311        55       640    0.8763    0.7576     0.833    0.5165   0.03589   0.02389   0.01841
   200/399      1.2G   0.03301   0.03159   0.01884   0.08344        36       640    0.9128    0.7592    0.8464    0.5365   0.03359   0.02358   0.01837
   201/399      1.2G   0.03311    0.0321   0.01976   0.08497        53       640    0.9197    0.7303    0.8478    0.5224   0.03613   0.02404   0.01835
   202/399      1.2G   0.03304    0.0317   0.01919   0.08393        38       640    0.9238    0.7334    0.8569    0.5594   0.03344    0.0236   0.01816
   203/399      1.2G   0.03275   0.03017    0.0189   0.08182        47       640      0.92    0.7585     0.865    0.5372   0.03432   0.02388   0.01785
   204/399      1.2G   0.03462   0.03026    0.0207   0.08558        41       640    0.9261    0.7432    0.8504    0.5349   0.03426    0.0235   0.01779
   205/399      1.2G   0.03139   0.02751   0.01756   0.07645        44       640    0.9167    0.7376     0.848    0.5258   0.03482   0.02434   0.01774
   206/399      1.2G   0.03266   0.03105   0.01906   0.08278        38       640    0.9261    0.7378     0.857    0.5209   0.03566   0.02429   0.01742
   207/399      1.2G   0.03484   0.03404   0.01841   0.08729        53       640    0.9114    0.7381    0.8483    0.5353   0.03564   0.02483   0.01727
   208/399      1.2G   0.03162   0.03039   0.01684   0.07884        44       640     0.909    0.7452    0.8456    0.5515   0.03387   0.02468    0.0172
   209/399      1.2G   0.03262   0.03065   0.01964   0.08291        37       640    0.9122    0.7508    0.8484    0.5566   0.03474   0.02472   0.01717
   210/399      1.2G    0.0321   0.03202   0.01796   0.08208        57       640    0.8988    0.7596      0.85    0.5638   0.03397   0.02446   0.01732
   211/399      1.2G   0.03198   0.03402   0.01775   0.08375        73       640    0.8962     0.758     0.849    0.5757   0.03303   0.02381   0.01722
   212/399      1.2G   0.03156   0.03172   0.01857   0.08184        38       640    0.9174     0.752    0.8573     0.542   0.03496   0.02475   0.01708
   213/399      1.2G   0.03095   0.03181     0.018   0.08076        45       640    0.9175    0.7587    0.8639    0.5724   0.03445   0.02467   0.01714
   214/399      1.2G   0.03299   0.02994   0.01778   0.08071        36       640    0.8786    0.7694    0.8622    0.5621   0.03445   0.02452   0.01716
   215/399      1.2G   0.03391   0.03247   0.01849   0.08487        63       640    0.8476    0.7555    0.8338    0.5027   0.03789   0.02501   0.01726
   216/399      1.2G   0.03534   0.03081   0.01852   0.08468        44       640    0.7718    0.8167    0.8545    0.5602   0.03408   0.02417   0.01774
   217/399      1.2G   0.03507   0.02881   0.01872   0.08259        41       640      0.84    0.7709    0.8477    0.5568   0.03541   0.02439   0.01756
   218/399      1.2G   0.03278   0.02937   0.01675   0.07889        70       640    0.9063    0.7887    0.8678    0.5616   0.03489   0.02447   0.01726
   219/399      1.2G   0.03303     0.035   0.01688    0.0849        67       640    0.9235    0.7457    0.8617    0.5609    0.0336   0.02424    0.0173
   220/399      1.2G   0.03363   0.03033   0.01762   0.08157        45       640    0.9306    0.7379    0.8605    0.5587   0.03475   0.02432   0.01743
   221/399      1.2G   0.03182   0.02881   0.01742   0.07805        45       640    0.9311     0.735    0.8632    0.5577   0.03379   0.02441   0.01728
   222/399      1.2G   0.03211    0.0331   0.01772   0.08293        50       640    0.8347    0.8025    0.8633    0.5655   0.03375   0.02443    0.0171
   223/399      1.2G   0.03355   0.02914   0.01856   0.08125        45       640    0.9298    0.7397     0.865    0.5463   0.03553   0.02482   0.01693
   224/399      1.2G   0.03374   0.03016    0.0179   0.08179        58       640    0.9095    0.7599    0.8685    0.5698   0.03323   0.02471    0.0168
   225/399      1.2G   0.03097   0.03075   0.01656   0.07828        33       640    0.9125    0.7521    0.8672    0.5667   0.03414   0.02463   0.01669
   226/399      1.2G   0.03252    0.0289   0.01826   0.07968        72       640    0.8903     0.738    0.8591    0.5235   0.03617   0.02486   0.01667
   227/399      1.2G   0.03219   0.02987   0.01668   0.07874        85       640    0.7617    0.8625    0.8661     0.564   0.03456   0.02423   0.01667
   228/399      1.2G   0.03431   0.02995   0.01777   0.08202        52       640    0.7545     0.862    0.8679    0.5684   0.03556   0.02441   0.01678
   229/399      1.2G   0.03297   0.03182   0.01558   0.08037        62       640    0.7684    0.8468    0.8725    0.5529    0.0364   0.02444   0.01682
   230/399      1.2G   0.03456   0.03022   0.01686   0.08164        28       640    0.8287    0.8079    0.8537    0.5682   0.03485   0.02414   0.01687
   231/399      1.2G     0.033   0.03104    0.0169   0.08093        53       640    0.8587    0.8095    0.8771    0.5662    0.0338   0.02399    0.0171
   232/399      1.2G   0.03315   0.03235   0.01799   0.08349        72       640    0.8677    0.8134    0.8831    0.5865   0.03311   0.02371   0.01708
   233/399      1.2G   0.03282   0.03108   0.01818   0.08207        33       640    0.7893    0.8493    0.8819    0.5688   0.03377   0.02365   0.01709
   234/399      1.2G   0.03229   0.02726    0.0161   0.07564        35       640    0.8075    0.8354    0.8858    0.5928   0.03423   0.02335   0.01694
   235/399      1.2G   0.03177   0.02853    0.0179    0.0782        53       640    0.8398    0.8142    0.8901    0.5779   0.03443   0.02336   0.01656
   236/399      1.2G   0.03115   0.02778   0.01587    0.0748        56       640    0.8812    0.8148    0.8959    0.5719   0.03392   0.02306   0.01626
   237/399      1.2G    0.0328   0.03075   0.01601   0.07956        79       640    0.8784    0.8123    0.8952    0.5773   0.03583   0.02363   0.01591
   238/399      1.2G   0.03509   0.03571   0.01683   0.08763        57       640    0.8666    0.8173    0.8909    0.5776   0.03371   0.02338   0.01562
   239/399      1.2G   0.03193   0.03012   0.01409   0.07614        30       640    0.8626    0.8343     0.898    0.5747   0.03503   0.02357   0.01557
   240/399      1.2G   0.03396   0.03027   0.01562   0.07985        34       640    0.8851    0.8242    0.8965    0.5675     0.036   0.02346   0.01555
   241/399      1.2G   0.03429   0.02967    0.0169   0.08086        54       640    0.8401    0.8549     0.898     0.608   0.03249   0.02312   0.01544
   242/399      1.2G   0.03324   0.03006   0.01647   0.07977        39       640    0.8331    0.8543    0.8905    0.5684   0.03543   0.02385   0.01538
   243/399      1.2G   0.03213   0.02847   0.01474   0.07534        58       640     0.873    0.8349    0.8869    0.5976   0.03274   0.02408   0.01557
   244/399      1.2G   0.03483   0.03082   0.01712   0.08277        39       640     0.869    0.8322    0.8802    0.5891   0.03242   0.02397   0.01553
   245/399      1.2G   0.03103   0.02737   0.01547   0.07387        35       640    0.8677     0.841    0.8799    0.5755   0.03364   0.02435   0.01542
   246/399      1.2G   0.03218   0.02927   0.01523   0.07667        40       640    0.8592    0.8336    0.8847    0.5895   0.03294   0.02435   0.01509
   247/399      1.2G   0.03084   0.02855   0.01635   0.07574        52       640    0.8769    0.8346    0.8934    0.5776    0.0329   0.02429   0.01481
   248/399      1.2G   0.02999   0.02967   0.01448   0.07414        55       640    0.8466     0.856    0.9034    0.5821   0.03399   0.02435    0.0145
   249/399      1.2G   0.03324   0.02916   0.01544   0.07785        52       640    0.8854    0.8281    0.9006    0.5613   0.03503   0.02435   0.01427
   250/399      1.2G   0.03555   0.03028   0.01508   0.08091        44       640    0.8668    0.8533    0.9064    0.5687   0.03675   0.02448   0.01419
   251/399      1.2G   0.03495   0.02956   0.01584   0.08035        38       640    0.8937    0.8322    0.9064    0.5612   0.03557   0.02445   0.01419
   252/399      1.2G   0.03289   0.03331   0.01615   0.08235        65       640    0.8969    0.8359     0.912    0.5915   0.03313   0.02434   0.01433
   253/399      1.2G   0.03068   0.02983   0.01605   0.07656        33       640    0.8605    0.8576    0.9065    0.5829   0.03361   0.02421   0.01444
   254/399      1.2G   0.03014    0.0315   0.01475   0.07639        49       640    0.8672    0.8572    0.9052     0.602   0.03242   0.02356   0.01442
   255/399      1.2G   0.02989   0.02877   0.01475   0.07341        88       640    0.8702    0.8559    0.9084    0.6108   0.03267   0.02377   0.01428
   256/399      1.2G   0.03074   0.03058   0.01543   0.07675        69       640    0.8796    0.8473    0.9024    0.5936   0.03244   0.02372   0.01428
   257/399      1.2G   0.02953   0.03163   0.01388   0.07504        50       640    0.8831    0.8504    0.9046    0.6107   0.03224   0.02322   0.01437
   258/399      1.2G   0.02968   0.02728    0.0145   0.07146        28       640    0.9008    0.8492    0.8979    0.6049   0.03234   0.02329   0.01445
   259/399      1.2G    0.0315   0.02776    0.0152   0.07446        56       640    0.8933    0.8445    0.9026    0.5949   0.03304   0.02405   0.01445
   260/399      1.2G   0.03042    0.0285   0.01394   0.07287        56       640    0.8933    0.8366    0.9106    0.6242   0.03186   0.02346   0.01422
   261/399      1.2G   0.03031   0.03041   0.01399   0.07471        42       640    0.9104    0.8313    0.9054    0.6177   0.03238   0.02346   0.01414
   262/399      1.2G   0.03101   0.03042   0.01527    0.0767        39       640    0.9072    0.8343    0.8925    0.5755    0.0334   0.02369   0.01413
   263/399      1.2G   0.03059   0.03104   0.01413   0.07575        41       640    0.9186    0.8362    0.9031     0.617   0.03217   0.02379   0.01389
   264/399      1.2G   0.03148   0.02865   0.01317    0.0733        58       640    0.9186    0.8294    0.8996    0.5953   0.03322   0.02382   0.01358
   265/399      1.2G   0.02995   0.03229   0.01438   0.07662        50       640    0.9222    0.8312     0.899    0.6028   0.03343     0.024   0.01343
   266/399      1.2G   0.03046    0.0327   0.01384     0.077        33       640     0.924    0.8353    0.8966    0.6164   0.03243    0.0238   0.01341
   267/399      1.2G   0.03064   0.03138   0.01479   0.07681        48       640    0.9254    0.8393    0.8993    0.6105   0.03368   0.02367   0.01358
   268/399      1.2G   0.02973   0.02861   0.01521   0.07355        32       640      0.93    0.8337    0.8978    0.6107   0.03229   0.02347   0.01354
   269/399      1.2G   0.03102   0.03001   0.01405   0.07509        70       640      0.88    0.8559    0.9014    0.6115   0.03252   0.02368   0.01362
   270/399      1.2G   0.03296   0.02946   0.01516   0.07758        43       640    0.8872    0.8575    0.9026    0.6161   0.03293   0.02387   0.01375
   271/399      1.2G   0.03166   0.03104   0.01414   0.07684        75       640    0.9051    0.8563    0.9053    0.6044   0.03205   0.02366   0.01379
   272/399      1.2G   0.03125   0.02844   0.01359   0.07329        40       640    0.8904    0.8611    0.9115    0.6002   0.03498    0.0238   0.01388
   273/399      1.2G     0.034   0.03286   0.01341   0.08026        53       640    0.9426    0.8454    0.9098    0.5859   0.03412   0.02323   0.01374
   274/399      1.2G   0.03152   0.02849   0.01395   0.07396        27       640    0.9342    0.8512     0.911    0.6243   0.03184   0.02287   0.01364
   275/399      1.2G   0.03132   0.03035   0.01302   0.07469        86       640    0.8929    0.8667    0.9032    0.6109    0.0323   0.02292    0.0137
   276/399      1.2G   0.03009   0.02977   0.01419   0.07405        40       640    0.9431    0.8386    0.9065    0.6133   0.03202   0.02324   0.01348
   277/399      1.2G   0.03066   0.02921   0.01324   0.07311        45       640    0.9155     0.855       0.9    0.6104   0.03151   0.02336   0.01339
   278/399      1.2G   0.02962   0.02729   0.01381   0.07073        51       640    0.9184    0.8679    0.9029    0.6071   0.03242   0.02361   0.01328
   279/399      1.2G   0.02987   0.02694   0.01294   0.06975        46       640    0.9197    0.8643    0.9063    0.6246   0.03188    0.0235   0.01304
   280/399      1.2G   0.02979   0.02773    0.0124   0.06992        31       640    0.9433    0.8399     0.909    0.6283   0.03143   0.02341   0.01305
   281/399      1.2G   0.02893   0.03104   0.01285   0.07282        37       640    0.9033     0.866    0.9146    0.6215   0.03181   0.02361    0.0131
   282/399      1.2G    0.0281   0.02673   0.01315   0.06799        64       640    0.8978    0.8641    0.9121    0.6258   0.03168   0.02344   0.01319
   283/399      1.2G   0.02865   0.02703    0.0119   0.06758        39       640     0.903    0.8708    0.9165     0.628   0.03171   0.02345   0.01323
   284/399      1.2G   0.02988   0.02831   0.01267   0.07087        52       640    0.9211    0.8573    0.9118    0.6292   0.03201   0.02328    0.0132
   285/399      1.2G   0.03013   0.02864   0.01446   0.07323        37       640    0.9366    0.8551    0.9171    0.6381   0.03171   0.02325   0.01312
   286/399      1.2G   0.03291   0.02716   0.01393   0.07399        23       640    0.9293    0.8739    0.9163    0.6197   0.03253   0.02351   0.01305
   287/399      1.2G   0.03057   0.02912   0.01343   0.07312        59       640    0.9336    0.8826    0.9193    0.6218   0.03175   0.02372   0.01284
   288/399      1.2G   0.02817   0.03043   0.01295   0.07155        65       640    0.9392     0.875     0.922    0.6261   0.03099   0.02339   0.01286
   289/399      1.2G   0.02894   0.02641   0.01213   0.06747        30       640    0.9453    0.8772     0.921    0.6219    0.0322   0.02353   0.01289
   290/399      1.2G   0.02924   0.02706   0.01137   0.06767        35       640    0.9624    0.8649    0.9178    0.6263   0.03145   0.02355    0.0129
   291/399      1.2G   0.03058    0.0274   0.01317   0.07115        49       640      0.96     0.869    0.9148    0.6253   0.03162   0.02368   0.01293
   292/399      1.2G   0.03058   0.02833   0.01275   0.07166        53       640    0.9509    0.8662    0.9146    0.6171   0.03173   0.02388     0.013
   293/399      1.2G   0.02858   0.02911   0.01232   0.07001        73       640    0.9628    0.8526    0.9067    0.6052   0.03251   0.02392   0.01303
   294/399      1.2G   0.03106   0.02839   0.01084   0.07029        41       640    0.9522    0.8619    0.9106    0.5901   0.03347   0.02416   0.01298
   295/399      1.2G   0.03247   0.03068    0.0132   0.07635        52       640    0.9402    0.8563    0.9065     0.593   0.03367    0.0242    0.0132
   296/399      1.2G   0.03154   0.02704   0.01269   0.07127        51       640     0.926    0.8654    0.9075    0.6123   0.03155   0.02409   0.01323
   297/399      1.2G   0.02823   0.02713   0.01327   0.06863        50       640    0.9217    0.8519    0.9011    0.6155   0.03223   0.02406   0.01319
   298/399      1.2G   0.02901   0.02845   0.01326   0.07073        46       640    0.9249    0.8539    0.9049    0.6238   0.03109   0.02406     0.013
   299/399      1.2G   0.02829   0.02754   0.01153   0.06735        27       640    0.9263    0.8478    0.9044    0.6183   0.03134   0.02417   0.01311
   300/399      1.2G   0.02879   0.03037   0.01319   0.07234        62       640    0.8984    0.8698    0.9023    0.6252   0.03154   0.02407   0.01311
   301/399      1.2G   0.02683   0.02645   0.01333   0.06662        78       640    0.9145    0.8754    0.9114    0.6286   0.03123   0.02348   0.01304
   302/399      1.2G   0.02816    0.0281    0.0134   0.06966        53       640    0.9377    0.8582    0.9102    0.6201   0.03133   0.02357   0.01276
   303/399      1.2G   0.02813   0.02965   0.01325   0.07103        46       640    0.9224     0.862    0.9121    0.6248   0.03106   0.02356   0.01256
   304/399      1.2G   0.02855   0.02671   0.01232   0.06759        33       640    0.9314    0.8573    0.9149    0.6193   0.03141    0.0239   0.01256
   305/399      1.2G   0.02842   0.02925   0.01178   0.06946        45       640     0.931    0.8521    0.9126     0.629   0.03153   0.02409   0.01265
   306/399      1.2G   0.03004   0.02996   0.01141   0.07141        39       640    0.9219    0.8616    0.9133    0.6128   0.03211   0.02399   0.01282
   307/399      1.2G   0.03104   0.02637   0.01256   0.06996        82       640    0.9239    0.8612    0.9156    0.6326   0.03158   0.02376   0.01277
   308/399      1.2G   0.02932   0.02825   0.01222   0.06979        52       640    0.9097    0.8695    0.9147    0.6038   0.03219   0.02388   0.01263
   309/399      1.2G   0.02693   0.02532     0.012   0.06426        40       640    0.9578    0.8295     0.919    0.6234   0.03161   0.02379   0.01248
   310/399      1.2G   0.02916   0.02917   0.01328   0.07162        43       640    0.9551    0.8302    0.9154    0.6196   0.03129   0.02368   0.01244
   311/399      1.2G   0.02974   0.03026   0.01365   0.07364        49       640    0.8985    0.8692    0.9155    0.6146   0.03181   0.02392   0.01237
   312/399      1.2G   0.02803   0.02646   0.01377   0.06826        52       640     0.937    0.8341    0.9133     0.626   0.03104   0.02376    0.0123
   313/399      1.2G   0.02953   0.03006   0.01203   0.07162        69       640    0.9542    0.8418    0.9127    0.6279   0.03125   0.02368   0.01223
   314/399      1.2G   0.02756   0.02759    0.0117   0.06685        38       640    0.9681    0.8268    0.9119    0.6261   0.03172   0.02388    0.0123
   315/399      1.2G   0.02844   0.02887   0.01253   0.06985        26       640    0.9318     0.844    0.9118    0.6299   0.03105   0.02366   0.01248
   316/399      1.2G   0.02876   0.02543   0.01146   0.06566        43       640    0.9326    0.8423    0.9064    0.6346    0.0313   0.02368   0.01254
   317/399      1.2G   0.02828   0.02777   0.01086   0.06691        40       640    0.9238    0.8476     0.901    0.6169   0.03166   0.02405   0.01276
   318/399      1.2G   0.02835   0.02733   0.01255   0.06823        41       640    0.9146    0.8506    0.8989    0.6264   0.03084    0.0239   0.01287
   319/399      1.2G   0.02734    0.0286   0.01157   0.06751        63       640    0.9058    0.8427    0.8961    0.6076   0.03169   0.02388   0.01304
   320/399      1.2G   0.02724   0.02632   0.01053   0.06409        57       640    0.9073    0.8461    0.9026    0.6077   0.03168   0.02364   0.01285
   321/399      1.2G   0.02871   0.02728   0.01278   0.06877        38       640    0.9077     0.845    0.9035    0.6171   0.03097   0.02338   0.01287
   322/399      1.2G   0.02896   0.02834   0.01102   0.06832        46       640    0.9031     0.851    0.9039    0.6167   0.03087   0.02334   0.01276
   323/399      1.2G   0.02768   0.02751    0.0116   0.06678        47       640    0.9152     0.842    0.9058    0.6248    0.0307    0.0234   0.01253
   324/399      1.2G   0.02751   0.02571   0.01251   0.06573        56       640    0.9303    0.8347    0.9039    0.6267   0.03078   0.02351    0.0125
   325/399      1.2G   0.02799   0.02685   0.01197   0.06681        61       640    0.9281    0.8358    0.9073    0.6206   0.03074   0.02363   0.01256
   326/399      1.2G   0.02691   0.02627   0.01074   0.06393        56       640    0.9421    0.8241    0.9037    0.6186   0.03059   0.02378   0.01262
   327/399      1.2G   0.02691   0.02691   0.01206   0.06588        40       640    0.9081    0.8504     0.906    0.6297   0.03135   0.02394   0.01259
   328/399      1.2G   0.02848    0.0293   0.01115   0.06893        43       640    0.9541    0.8314    0.9074     0.625   0.03074   0.02368   0.01236
   329/399      1.2G   0.02815   0.02616   0.01113   0.06544        30       640    0.9432    0.8468    0.9055    0.6311   0.03047   0.02358   0.01233
   330/399      1.2G   0.02781   0.02766   0.01211   0.06758        45       640    0.9273    0.8419    0.9052     0.621   0.03097   0.02362    0.0124
   331/399      1.2G   0.02968   0.02957   0.01131   0.07057        50       640     0.919    0.8451    0.9017    0.6217   0.03164   0.02401   0.01245
   332/399      1.2G   0.02852   0.02675   0.01183    0.0671        65       640     0.927    0.8411    0.9048    0.6294   0.03084   0.02392   0.01237
   333/399      1.2G   0.02877   0.02765     0.011   0.06742        41       640    0.9237    0.8419    0.9025    0.6222   0.03145   0.02385   0.01243
   334/399      1.2G   0.02581   0.02972   0.01063   0.06617        50       640    0.9334    0.8327    0.9022      0.64   0.03048    0.0236   0.01234
   335/399      1.2G    0.0286   0.02967    0.0118   0.07007        63       640    0.9376    0.8339    0.9036     0.632   0.03048   0.02368   0.01219
   336/399      1.2G   0.02674   0.02795   0.01145   0.06613        37       640     0.935    0.8364    0.9057    0.6405   0.03054   0.02372   0.01195
   337/399      1.2G   0.02694   0.02891   0.01067   0.06652        64       640    0.9245    0.8753    0.9102    0.6461   0.03021   0.02366    0.0118
   338/399      1.2G   0.02894   0.02767   0.01186   0.06847        60       640    0.9322    0.8707    0.9124    0.6484   0.03083   0.02369   0.01178
   339/399      1.2G   0.02853   0.02884   0.01054   0.06791        53       640    0.9451    0.8512    0.9108    0.6382   0.03069   0.02357    0.0118
   340/399      1.2G   0.02808   0.02843   0.01186   0.06837        31       640    0.9211    0.8711    0.9119    0.6416   0.03046    0.0234   0.01179
   341/399      1.2G   0.02883    0.0288   0.01095   0.06858        58       640    0.9244    0.8601    0.9113    0.6427   0.03063   0.02337   0.01177
   342/399      1.2G   0.02778   0.02891   0.01062   0.06731        51       640     0.935    0.8556    0.9158    0.6408   0.03031   0.02348   0.01169
   343/399      1.2G   0.02785   0.02909   0.01051   0.06746        37       640    0.9203    0.8753    0.9164    0.6455   0.03006   0.02337   0.01166
   344/399      1.2G   0.02774    0.0283   0.01204   0.06808        40       640    0.9347    0.8638    0.9175    0.6162   0.03104   0.02354   0.01177
   345/399      1.2G   0.02753   0.02847   0.01135   0.06735        34       640    0.9146    0.8801    0.9139    0.6268    0.0302   0.02306   0.01184
   346/399      1.2G   0.02744   0.02695     0.012    0.0664        49       640    0.9229    0.8673    0.9124    0.6308   0.03032   0.02288   0.01194
   347/399      1.2G   0.02703     0.029   0.01062   0.06664        38       640    0.9431    0.8303      0.91    0.6114   0.03112   0.02297   0.01219
   348/399      1.2G    0.0271    0.0265   0.01041     0.064        36       640    0.9351    0.8284    0.9031    0.6258   0.03027   0.02328   0.01244
   349/399      1.2G   0.02747   0.02694   0.01133   0.06573        59       640     0.936     0.834    0.9054    0.6303   0.03016   0.02353   0.01247
   350/399      1.2G   0.02522   0.02373   0.01011   0.05906        32       640    0.9337    0.8358    0.9017    0.6281   0.03054   0.02397   0.01231
   351/399      1.2G   0.02597   0.02686   0.01094   0.06377        77       640     0.927     0.833    0.8984     0.622   0.03035   0.02394   0.01223
   352/399      1.2G   0.02804   0.02755  0.009806   0.06539        40       640    0.9232    0.8423    0.8989    0.6196    0.0311   0.02424    0.0122
   353/399      1.2G   0.02809   0.02747   0.01134   0.06691        41       640    0.9305    0.8406    0.8991    0.6215   0.03085   0.02417   0.01246
   354/399      1.2G    0.0271   0.02701  0.009339   0.06345        72       640    0.9252    0.8503    0.9019    0.6287   0.03064   0.02406   0.01255
   355/399      1.2G   0.02814   0.02646   0.01073   0.06533        47       640     0.922    0.8447    0.8991    0.6234   0.03125   0.02404   0.01263
   356/399      1.2G   0.02731   0.02714   0.01115    0.0656        48       640     0.929    0.8424    0.9078    0.6425   0.03033   0.02379   0.01242
   357/399      1.2G   0.02727   0.02568    0.0109   0.06385        50       640    0.9235    0.8441    0.9083    0.6424   0.03023   0.02361   0.01235
   358/399      1.2G   0.02669   0.02815  0.009485   0.06432        47       640    0.9326    0.8404    0.9081    0.6462   0.03041   0.02341   0.01222
   359/399      1.2G   0.02498   0.02679  0.009673   0.06144        49       640    0.9401    0.8404    0.9089    0.6452    0.0302   0.02359   0.01194
   360/399      1.2G   0.02683   0.02555   0.01113   0.06351        41       640    0.9305    0.8583    0.9127    0.6366    0.0303    0.0236   0.01182
   361/399      1.2G   0.02541   0.02862   0.01118   0.06521        46       640    0.9498    0.8499     0.911    0.6363   0.03066   0.02359   0.01156
   362/399      1.2G   0.02785   0.02926   0.01044   0.06755        43       640    0.9498    0.8612    0.9107    0.6486   0.03007   0.02343   0.01151
   363/399      1.2G   0.02727   0.02608   0.01111   0.06447        30       640    0.9423    0.8639    0.9114    0.6433   0.03025   0.02352   0.01146
   364/399      1.2G   0.02686   0.02544   0.01088   0.06317        45       640    0.9537    0.8507    0.9135    0.6449   0.03011   0.02373   0.01151
   365/399      1.2G   0.02477   0.02715   0.01108   0.06299        42       640    0.9442    0.8442    0.9102    0.6485   0.03013   0.02368   0.01173
   366/399      1.2G   0.02525   0.02643   0.00988   0.06156        48       640    0.9429    0.8539    0.9072    0.6451   0.03034   0.02394   0.01193
   367/399      1.2G   0.02492   0.02274  0.009653   0.05731        30       640    0.9405    0.8428    0.9029    0.6382   0.03026   0.02391   0.01184
   368/399      1.2G   0.02583   0.02603   0.01086   0.06272        48       640    0.9336    0.8417    0.9052    0.6399    0.0302   0.02365    0.0119
   369/399      1.2G   0.02492   0.02418  0.008659   0.05776        62       640    0.9172    0.8493    0.8959    0.6407   0.03025   0.02372   0.01185
   370/399      1.2G   0.02571   0.02789    0.0103    0.0639        64       640    0.9353    0.8344    0.8993    0.6298   0.02998   0.02392   0.01174
   371/399      1.2G   0.02631   0.02549   0.01156   0.06336        25       640    0.9166    0.8592     0.903    0.6295    0.0301   0.02413   0.01159
   372/399      1.2G   0.02602   0.03049   0.01135   0.06786       109       640    0.9319    0.8541     0.912    0.6375   0.03031   0.02407   0.01127
   373/399      1.2G   0.02625   0.02501    0.0109   0.06215        32       640    0.9315    0.8547    0.9162    0.6473   0.03005   0.02403   0.01119
   374/399      1.2G   0.02623   0.02612   0.00933   0.06168        57       640    0.8907    0.8721    0.9116    0.6356   0.03057   0.02435   0.01118
   375/399      1.2G   0.02589   0.02682  0.009227   0.06193        52       640    0.9268    0.8417    0.9129    0.6368   0.03015   0.02424   0.01137
   376/399      1.2G    0.0257   0.02457  0.009677   0.05994        52       640     0.905    0.8567    0.9128    0.6338   0.03019   0.02415   0.01153
   377/399      1.2G   0.02669   0.02586  0.009628   0.06218        63       640    0.8933     0.872    0.9139    0.6408   0.03059   0.02391   0.01181
   378/399      1.2G   0.02739   0.02851  0.009874   0.06577        57       640    0.8981    0.8517    0.9121    0.6483   0.02981   0.02365   0.01185
   379/399      1.2G   0.02768   0.02753   0.01057   0.06578        89       640    0.8783    0.8664    0.9108    0.6437   0.02996   0.02375   0.01182
   380/399      1.2G   0.02579   0.02476  0.009879   0.06043        37       640    0.9016    0.8444    0.9095    0.6311   0.03045   0.02384   0.01165
   381/399      1.2G   0.02456   0.02548  0.009034   0.05907        44       640    0.9165    0.8405    0.9081    0.6341   0.03002   0.02372    0.0117
   382/399      1.2G   0.02636   0.02949  0.009607   0.06546        41       640    0.9032    0.8532    0.9072    0.6296   0.03055   0.02383    0.0118
   383/399      1.2G   0.02588   0.02613   0.01073   0.06275        74       640    0.8977    0.8497    0.9068    0.6242   0.03013   0.02371   0.01184
   384/399      1.2G   0.02688   0.02487  0.009264   0.06102        40       640    0.8955    0.8533    0.9075    0.6322    0.0303   0.02366   0.01186
   385/399      1.2G   0.02768    0.0253   0.00973    0.0627        45       640    0.8981    0.8441    0.9068    0.6304   0.03017   0.02362   0.01192
   386/399      1.2G   0.02709    0.0283  0.009835   0.06523        84       640    0.9036    0.8398    0.9045    0.6325   0.03037   0.02378   0.01205
   387/399      1.2G   0.02676   0.02886  0.009949   0.06557        58       640    0.9032    0.8396    0.9053    0.6401   0.03007   0.02369   0.01213
   388/399      1.2G   0.02697    0.0278   0.01157   0.06635        40       640    0.9113    0.8367     0.909    0.6363   0.02994    0.0237   0.01217
   389/399      1.2G   0.02619   0.02894  0.009592   0.06472        57       640    0.9012    0.8468    0.9104     0.644   0.02974   0.02356   0.01195
   390/399      1.2G   0.02739   0.02619  0.009983   0.06357        29       640    0.9015    0.8422    0.9066    0.6342   0.03024   0.02362   0.01194
   391/399      1.2G   0.02801   0.02832  0.009752   0.06608        41       640    0.9133    0.8389    0.9068    0.6317   0.03064    0.0238   0.01182
   392/399      1.2G   0.02711    0.0276  0.009342   0.06405        32       640    0.9168    0.8396    0.9053     0.639   0.02993   0.02367   0.01179
   393/399      1.2G   0.02541   0.02621  0.008734   0.06036        44       640    0.9206    0.8406    0.9048    0.6391   0.03009   0.02361   0.01188
   394/399      1.2G   0.02751   0.02781    0.0107   0.06601        38       640    0.9282    0.8358    0.9027    0.6376   0.02989    0.0237   0.01195
   395/399      1.2G   0.02566   0.02636  0.009459   0.06148        57       640    0.9262    0.8364    0.9021    0.6236   0.03009   0.02366   0.01202
   396/399      1.2G   0.02593   0.02563   0.01007   0.06164        76       640    0.9224    0.8406     0.901    0.6277   0.03002   0.02385     0.012
   397/399      1.2G    0.0258   0.02384   0.01153   0.06117        63       640    0.9256    0.8462     0.901    0.6317   0.02999   0.02377   0.01192
   398/399      1.2G   0.02765   0.02784   0.01155   0.06704        53       640    0.9203    0.8455    0.9045    0.6293   0.02972   0.02354   0.01183
   399/399      1.2G   0.02591   0.02377  0.008709   0.05838        27       640    0.9212    0.8572    0.9108    0.6297   0.03028   0.02374   0.01156
