     0/299    0.887G   0.03766   0.06018    0.0536    0.1514        12       640    0.4271    0.2345    0.2357    0.1388     0.031   0.03403    0.0517
     1/299     1.18G   0.03559   0.05693   0.05449     0.147        20       640     0.404    0.2453    0.2308    0.1371   0.03064   0.03386    0.0517
     2/299      1.2G   0.03982   0.05548   0.05638    0.1517        26       640    0.3946    0.2436    0.2281    0.1344   0.03064   0.03365   0.05172
     3/299      1.2G    0.0388   0.05827   0.05602    0.1531        22       640    0.3896    0.2403    0.2326    0.1368   0.03039   0.03338   0.05175
     4/299      1.2G   0.03887   0.05491   0.05516     0.149        21       640    0.3962    0.2424    0.2297    0.1368   0.03005   0.03332   0.05173
     5/299      1.2G   0.03617   0.05325   0.05576    0.1452        12       640    0.3902     0.247     0.232     0.139   0.03009   0.03332   0.05175
     6/299      1.2G   0.03427   0.05213   0.05425    0.1406        22       640    0.2787    0.2537     0.234    0.1425   0.02999     0.033   0.05177
     7/299      1.2G   0.03561   0.05386   0.05404    0.1435        29       640    0.3964    0.2326    0.2349    0.1431   0.02976   0.03267   0.05182
     8/299      1.2G   0.03476   0.05387   0.05433     0.143        16       640    0.3906    0.2326     0.239    0.1423   0.02967    0.0324   0.05185
     9/299      1.2G   0.03334   0.04699    0.0525    0.1328        11       640     0.264    0.2549    0.2416    0.1433   0.02963   0.03245   0.05184
    10/299      1.2G   0.03733   0.04935    0.0568    0.1435        23       640    0.2479    0.2897    0.2399    0.1417   0.02963   0.03226   0.05182
    11/299      1.2G   0.03147   0.04188   0.05505    0.1284        16       640    0.3706    0.2326    0.2305    0.1368    0.0295   0.03196   0.05178
    12/299      1.2G   0.03082   0.04298   0.05763    0.1314        12       640    0.3711    0.2358     0.233    0.1385   0.02938   0.03175   0.05177
    13/299      1.2G   0.03485   0.04575   0.05521    0.1358        14       640     0.372    0.2274    0.2367     0.145   0.02926   0.03139   0.05177
    14/299      1.2G   0.03583   0.05152   0.05601    0.1434        11       640    0.5459    0.1904    0.2455     0.149   0.02932   0.03159   0.05176
    15/299      1.2G   0.03371   0.04352    0.0553    0.1325         9       640    0.6917    0.1781     0.238    0.1447   0.02924   0.03192   0.05177
    16/299      1.2G   0.03437   0.05336   0.05479    0.1425        28       640   0.09121    0.8379    0.2384    0.1417   0.02903   0.03195    0.0518
    17/299      1.2G   0.03185   0.04016   0.05526    0.1273        16       640   0.09258    0.8214    0.2406    0.1454   0.02911   0.03164   0.05184
    18/299      1.2G   0.03201   0.04418    0.0533    0.1295         9       640   0.09347    0.8188     0.244    0.1502   0.02893   0.03115   0.05189
    19/299      1.2G   0.02973   0.04131   0.05568    0.1267        23       640   0.09437    0.8181    0.2435     0.146   0.02902   0.03124   0.05196
    20/299      1.2G   0.03346   0.04667   0.05589     0.136        16       640   0.09372     0.823    0.2436    0.1454   0.02894   0.03117   0.05196
    21/299      1.2G   0.03274   0.04576   0.05388    0.1324        17       640   0.09411    0.7899    0.2445    0.1487   0.02923   0.03135   0.05195
    22/299      1.2G   0.03141   0.04982   0.05366    0.1349        34       640   0.09147    0.8229    0.2408    0.1447   0.02933   0.03146   0.05194
    23/299      1.2G   0.03289   0.04907   0.05366    0.1356        10       640    0.3618    0.2183    0.2419    0.1416   0.02913   0.03131   0.05189
    24/299      1.2G   0.03045   0.04815   0.05498    0.1336         9       640   0.09392    0.8214    0.2398    0.1425   0.02922   0.03129   0.05184
    25/299      1.2G   0.03145   0.04045    0.0563    0.1282        25       640   0.09349    0.7923    0.2446    0.1485   0.02932   0.03121   0.05187
    26/299      1.2G   0.03198   0.04917   0.05378    0.1349        17       640   0.09554    0.8111    0.2413    0.1437   0.02945   0.03126   0.05182
    27/299      1.2G   0.03125   0.04448   0.05347    0.1292        21       640   0.09563    0.8101    0.2418    0.1462   0.02922   0.03119   0.05175
    28/299      1.2G   0.02822   0.04048   0.05391    0.1226         9       640   0.09572    0.7789      0.24    0.1453   0.02938   0.03156   0.05168
    29/299      1.2G   0.03136   0.04489   0.05216    0.1284         8       640   0.09994    0.6232    0.2413    0.1438   0.02956   0.03139   0.05162
    30/299      1.2G   0.02925   0.03914   0.05381    0.1222        12       640   0.09589    0.7623    0.2309    0.1381   0.02938   0.03161   0.05157
    31/299      1.2G   0.02956   0.04026    0.0537    0.1235        12       640   0.09627    0.7623    0.2279     0.135   0.02987   0.03199   0.05157
    32/299      1.2G   0.02933   0.04394    0.0534    0.1267        19       640   0.09633    0.7911    0.2273    0.1347   0.02959   0.03159   0.05154
    33/299      1.2G   0.02942   0.03942   0.05427    0.1231        14       640   0.09592    0.7789    0.2243    0.1333   0.02949   0.03151    0.0515
    34/299      1.2G   0.02963   0.04288   0.05114    0.1237        28       640   0.09501    0.8018     0.228    0.1341    0.0298   0.03145   0.05145
    35/299      1.2G   0.03008   0.03946   0.05501    0.1245         9       640   0.09509    0.7956    0.2312    0.1344   0.03013   0.03119   0.05145
    36/299      1.2G   0.02988   0.04292    0.0552     0.128        15       640   0.09709    0.8119    0.2352    0.1381   0.02979    0.0312   0.05145
    37/299      1.2G   0.02997   0.04284   0.05257    0.1254        13       640   0.09333    0.7823    0.2345    0.1359   0.03055   0.03194   0.05141
    38/299      1.2G   0.03058   0.04649    0.0533    0.1304        23       640   0.09041    0.8023    0.2331     0.135   0.02987   0.03204   0.05137
    39/299      1.2G   0.02918   0.04509   0.05288    0.1272        21       640   0.09231    0.8117    0.2338    0.1345   0.03028     0.032   0.05136
    40/299      1.2G   0.03017   0.04817   0.05433    0.1327        31       640     0.198    0.6157    0.2358    0.1393   0.02982   0.03144   0.05135
    41/299      1.2G   0.02782   0.03619   0.05349    0.1175        11       640   0.09461    0.8082    0.2416    0.1431   0.03028   0.03129   0.05137
    42/299      1.2G   0.02997   0.04194   0.05391    0.1258         7       640   0.09694    0.7523    0.2418    0.1443   0.02968   0.03128   0.05139
    43/299      1.2G   0.03072   0.04166   0.05299    0.1254        27       640    0.1002    0.7494    0.2399    0.1441   0.02964   0.03135    0.0514
    44/299      1.2G   0.02919   0.03934   0.05524    0.1238        28       640     0.102    0.7619    0.2409    0.1429   0.02994   0.03121   0.05139
    45/299      1.2G   0.03011   0.04202   0.05376    0.1259        14       640    0.1005    0.7956    0.2458     0.146   0.03003   0.03127   0.05135
    46/299      1.2G    0.0288   0.03815   0.05464    0.1216        16       640   0.09821    0.8243    0.2472    0.1466   0.03046   0.03099   0.05126
    47/299      1.2G   0.02867   0.04679   0.05418    0.1297        36       640   0.09909    0.7911    0.2451    0.1437   0.03024   0.03085   0.05123
    48/299      1.2G   0.03157   0.04145   0.05202     0.125        12       640   0.09935    0.8227    0.2425    0.1383   0.03106   0.03149   0.05119
    49/299      1.2G   0.02968   0.03749   0.05492    0.1221        16       640    0.1009    0.7551    0.2354    0.1334   0.03113   0.03192   0.05128
    50/299      1.2G   0.03004   0.04281    0.0541    0.1269        11       640     0.101    0.7612    0.2386    0.1373   0.03124   0.03149   0.05128
    51/299      1.2G   0.03006   0.04398   0.05312    0.1272        20       640    0.1014    0.7627    0.2399    0.1376   0.03077   0.03166   0.05129
    52/299      1.2G   0.03034   0.05113   0.05307    0.1345        31       640    0.1005    0.7957    0.2379    0.1401   0.03116   0.03154   0.05123
    53/299      1.2G   0.03112   0.04399   0.05573    0.1308        14       640    0.1006    0.7816    0.2378    0.1363   0.03067   0.03177    0.0512
    54/299      1.2G   0.02887    0.0385   0.05116    0.1185         7       640    0.1025    0.8004    0.2423    0.1331   0.03247   0.03173   0.05116
    55/299      1.2G   0.03089   0.03903   0.05197    0.1219        29       640    0.1076    0.7527    0.2441    0.1423   0.03107   0.03126   0.05104
    56/299      1.2G    0.0308    0.0449   0.05397    0.1297        24       640    0.1091    0.7481    0.2437     0.143   0.03086   0.03163     0.051
    57/299      1.2G   0.02977   0.04338   0.05158    0.1247        17       640   0.09981    0.8279    0.2447    0.1435   0.03079   0.03201   0.05088
    58/299      1.2G   0.02916   0.03985   0.05224    0.1213        15       640    0.1101    0.7397    0.2361     0.139   0.03166   0.03138    0.0509
    59/299      1.2G   0.02824   0.03739    0.0516    0.1172        13       640    0.1035    0.7381    0.2396    0.1357   0.03252   0.03228   0.05091
    60/299      1.2G   0.02784   0.03665   0.05163    0.1161         4       640    0.1022    0.7306    0.2395    0.1358   0.03235    0.0321   0.05075
    61/299      1.2G   0.03052   0.04306   0.05341     0.127        19       640    0.1014    0.7283     0.249    0.1381    0.0327   0.03295   0.05065
    62/299      1.2G   0.02911    0.0396   0.05084    0.1196        12       640   0.09913    0.7561    0.2479    0.1419   0.03082    0.0331    0.0506
    63/299      1.2G    0.0301   0.04113   0.05345    0.1247        20       640    0.1032    0.7212    0.2522    0.1394   0.03338    0.0323   0.05054
    64/299      1.2G   0.03033   0.03849   0.04969    0.1185        14       640    0.1096    0.7468    0.2476    0.1442   0.03161   0.03236    0.0506
    65/299      1.2G   0.02987   0.03885   0.05149    0.1202        16       640    0.1033    0.7706    0.2599    0.1491   0.03183   0.03336   0.05049
    66/299      1.2G   0.02977   0.04113   0.05105    0.1219        15       640    0.1023    0.8006    0.2544    0.1483   0.03265   0.03274   0.05051
    67/299      1.2G   0.02747   0.03922   0.05117    0.1179        11       640    0.1024    0.7962    0.2596    0.1525   0.03227   0.03236   0.05049
    68/299      1.2G    0.0298   0.04004   0.05495    0.1248        21       640    0.1054    0.7266     0.256    0.1436   0.03345   0.03185   0.05042
    69/299      1.2G   0.03046   0.03615    0.0519    0.1185         7       640    0.1051    0.7301    0.2604    0.1432   0.03301   0.03301   0.05052
    70/299      1.2G   0.03084   0.04387   0.05236    0.1271        28       640    0.1021    0.7919    0.2522    0.1423   0.03216   0.03233    0.0506
    71/299      1.2G   0.02969   0.04025   0.05231    0.1223        14       640    0.1057     0.695    0.2545    0.1464   0.03197   0.03239   0.05055
    72/299      1.2G    0.0286   0.03664   0.05351    0.1187        21       640    0.1056     0.695    0.2508    0.1464   0.03164   0.03221    0.0506
    73/299      1.2G   0.02931   0.04158    0.0548    0.1257         9       640    0.1054    0.7017    0.2563    0.1448   0.03278    0.0324   0.05045
    74/299      1.2G   0.02823   0.03696   0.05126    0.1164         7       640    0.1005    0.7583    0.2498    0.1414   0.03212   0.03339   0.05044
    75/299      1.2G   0.02806   0.03624   0.05024    0.1145        18       640    0.1021    0.7883    0.2565     0.147    0.0322    0.0335   0.05033
    76/299      1.2G   0.02946   0.03995    0.0533    0.1227        22       640     0.108    0.7506    0.2322    0.1175    0.0366   0.03381   0.05045
    77/299      1.2G   0.03476   0.04209   0.04972    0.1266        18       640     0.108    0.7506    0.2322    0.1175    0.0366   0.03381   0.05045
    78/299      1.2G   0.03126   0.04013   0.05133    0.1227        13       640    0.1104    0.7283    0.2451    0.1269    0.0339   0.03396    0.0504
    79/299      1.2G   0.03064   0.03787   0.05209    0.1206        11       640    0.1055    0.7483    0.2505    0.1358   0.03258   0.03347   0.05018
    80/299      1.2G   0.02834   0.03982   0.05351    0.1217        18       640    0.1091     0.736    0.2531    0.1364   0.03266   0.03379   0.05002
    81/299      1.2G   0.02883   0.04522   0.05051    0.1246        25       640    0.1113    0.7383      0.26    0.1343   0.03594   0.03531   0.04994
    82/299      1.2G   0.03346   0.04355   0.05049    0.1275        15       640    0.1047    0.7064    0.2564    0.1285   0.04063   0.03523   0.05001
    83/299      1.2G   0.03935   0.04451   0.05132    0.1352        15       640    0.1053    0.7716    0.2454    0.1275   0.03814   0.03607   0.05037
    84/299      1.2G   0.03651   0.04013   0.05114    0.1278        10       640    0.1134     0.659    0.2518    0.1328   0.03799   0.03414   0.05021
    85/299      1.2G   0.03015    0.0383   0.05051     0.119         8       640    0.1108    0.7516    0.2722    0.1486   0.03463    0.0331   0.04973
    86/299      1.2G   0.03152   0.04171    0.0503    0.1235        30       640    0.1156    0.8029    0.2971    0.1722   0.03339   0.03288   0.04958
    87/299      1.2G   0.02937   0.04081    0.0515    0.1217        20       640    0.1111    0.8035    0.2889    0.1668   0.03258   0.03263   0.04941
    88/299      1.2G   0.02821   0.03974   0.04847    0.1164         9       640    0.1127     0.681    0.2936    0.1653   0.03306   0.03297   0.04933
    89/299      1.2G   0.02963   0.04363   0.05298    0.1262        19       640    0.1126    0.6767     0.299    0.1658   0.03351    0.0334   0.04928
    90/299      1.2G   0.02988   0.04134   0.05096    0.1222        19       640    0.1146    0.6867    0.2963     0.165   0.03385   0.03376   0.04925
    91/299      1.2G   0.03001    0.0382   0.05184    0.1201        16       640    0.1144    0.6442    0.2933    0.1646   0.03406   0.03406    0.0492
    92/299      1.2G   0.03028   0.04432   0.05184    0.1265        18       640    0.1107    0.6299    0.2903    0.1635   0.03413   0.03433   0.04916
    93/299      1.2G   0.03282   0.04233   0.05248    0.1276        11       640    0.1087    0.6766    0.2862    0.1565   0.03476   0.03453   0.04912
    94/299      1.2G    0.0312    0.0423   0.04921    0.1227        12       640    0.1102    0.6843    0.2757    0.1507   0.03474   0.03445   0.04907
    95/299      1.2G   0.02984   0.04001   0.05022    0.1201         7       640    0.1122    0.6542    0.2824    0.1529   0.03476   0.03436   0.04902
    96/299      1.2G   0.03075   0.04083   0.04979    0.1214        20       640    0.1123    0.6701    0.2846    0.1512   0.03489   0.03432   0.04896
    97/299      1.2G   0.03161   0.04035   0.05039    0.1223        13       640     0.114     0.703    0.2884     0.156   0.03548   0.03402   0.04891
    98/299      1.2G   0.03134   0.03869   0.05196     0.122        18       640    0.1138    0.7266    0.2891      0.16    0.0353   0.03387   0.04885
    99/299      1.2G   0.02907   0.04049   0.04916    0.1187         7       640    0.1138    0.7436    0.2866    0.1597   0.03482   0.03393   0.04878
   100/299      1.2G   0.03216   0.04347   0.05221    0.1278        16       640    0.1101    0.7531    0.2955    0.1635   0.03441   0.03435   0.04871
   101/299      1.2G   0.03015   0.04076   0.05047    0.1214        15       640    0.1064    0.7549    0.3008    0.1677   0.03462   0.03432   0.04859
   102/299      1.2G   0.02961   0.03763   0.05161    0.1189        13       640    0.1084    0.7577    0.3035    0.1695    0.0345   0.03386   0.04856
   103/299      1.2G   0.03083   0.04288   0.05087    0.1246        18       640    0.1141    0.6402    0.2958    0.1593   0.03551   0.03397   0.04862
   104/299      1.2G   0.02876   0.04101      0.05    0.1198        20       640    0.1096    0.7575    0.3042    0.1761   0.03375   0.03386   0.04857
   105/299      1.2G    0.0293   0.03845   0.04896    0.1167         8       640    0.1401    0.4652    0.3109    0.1646   0.03603   0.03515   0.04852
   106/299      1.2G   0.03498   0.04501   0.05019    0.1302        22       640    0.1162    0.6631    0.2984    0.1685   0.03679    0.0347   0.04848
   107/299      1.2G    0.0365   0.03794   0.05128    0.1257        18       640    0.1262    0.5605    0.2945    0.1463   0.03854   0.03645   0.04859
   108/299      1.2G   0.03529   0.04305    0.0487     0.127        16       640    0.1363    0.5897    0.3076    0.1772   0.03516   0.03415   0.04816
   109/299      1.2G   0.03232   0.04198   0.04584    0.1201        22       640    0.1363    0.5897    0.3076    0.1772   0.03516   0.03415   0.04816
   110/299      1.2G   0.03308   0.04172   0.04936    0.1242         9       640    0.1267    0.6572      0.31    0.1671   0.03713    0.0346   0.04805
   111/299      1.2G   0.03441   0.04511   0.04855    0.1281        19       640    0.8676     0.193    0.3111    0.1671   0.03738   0.03455   0.04788
   112/299      1.2G   0.03164   0.03934   0.04854    0.1195        15       640    0.8883    0.1982    0.3264    0.1792   0.03612   0.03397   0.04773
   113/299      1.2G   0.02994    0.0374   0.05013    0.1175         9       640     0.877    0.1946    0.3247    0.1731   0.03581   0.03516   0.04766
   114/299      1.2G    0.0308   0.03928   0.04927    0.1193        15       640    0.9006    0.1798    0.3133    0.1629   0.03585   0.03543   0.04753
   115/299      1.2G   0.03086   0.03896   0.04937    0.1192        18       640    0.1355    0.6304    0.3014    0.1655    0.0344   0.03447   0.04756
   116/299      1.2G   0.02824   0.03819   0.04737    0.1138        14       640    0.1309    0.6436     0.308     0.176    0.0335    0.0342   0.04755
   117/299      1.2G   0.02809   0.03698   0.04984    0.1149        16       640    0.1308    0.6679    0.3024     0.175   0.03358   0.03423   0.04765
   118/299      1.2G   0.02889    0.0413   0.04911    0.1193        23       640    0.1241    0.6311    0.3067    0.1683   0.03576   0.03457   0.04734
   119/299      1.2G   0.03275   0.03848   0.04931    0.1205        20       640    0.1314    0.6881     0.305    0.1692   0.03491   0.03421   0.04712
   120/299      1.2G   0.03196   0.03941   0.04873    0.1201        12       640    0.1314    0.6881     0.305    0.1692   0.03491   0.03421   0.04712
   121/299      1.2G   0.03303   0.04153   0.04589    0.1205        14       640    0.1175    0.6886    0.2968    0.1667   0.03676   0.03463   0.04704
   122/299      1.2G   0.03498   0.04769   0.04966    0.1323        22       640     0.118    0.7113    0.3008    0.1721   0.03668   0.03493   0.04701
   123/299      1.2G   0.03147   0.04056   0.05008    0.1221        11       640    0.2586    0.4674    0.3099    0.1807   0.03459   0.03481   0.04696
   124/299      1.2G   0.02929   0.04051   0.04695    0.1168        24       640    0.2285    0.5239    0.3115    0.1798   0.03365   0.03495   0.04688
   125/299      1.2G   0.02665   0.03383   0.04597    0.1064         7       640    0.1224    0.6528     0.309    0.1761   0.03373   0.03446   0.04677
   126/299      1.2G   0.02896   0.04027   0.04789    0.1171        26       640    0.1264     0.641    0.3146    0.1833   0.03317   0.03408   0.04657
   127/299      1.2G    0.0284   0.03595   0.04735    0.1117        18       640    0.1282    0.7059    0.3134    0.1745   0.03328    0.0351   0.04662
   128/299      1.2G   0.02781   0.03586   0.04813    0.1118         9       640    0.1265    0.6545    0.3087    0.1751   0.03342    0.0353   0.04661
   129/299      1.2G   0.03113    0.0399   0.04644    0.1175        24       640    0.1293    0.7266    0.3094    0.1606   0.03745    0.0359   0.04626
   130/299      1.2G   0.03478   0.03938    0.0434    0.1176        32       640    0.1427    0.6855    0.3117    0.1612   0.03805    0.0359   0.04603
   131/299      1.2G   0.03943   0.04204   0.04721    0.1287        13       640    0.1427    0.6855    0.3117    0.1612   0.03805    0.0359   0.04603
   132/299      1.2G   0.04408    0.0413   0.04475    0.1301        20       640     0.133    0.6841    0.2731    0.1288   0.04417   0.03685   0.04598
   133/299      1.2G    0.0412   0.04277   0.04687    0.1308        30       640    0.1543    0.6168    0.2686    0.1294   0.04371   0.03716   0.04605
   134/299      1.2G   0.03388   0.03962   0.04742    0.1209        26       640    0.2254    0.5143    0.2806    0.1558   0.03764   0.03794    0.0461
   135/299      1.2G   0.03246      0.04   0.04602    0.1185        17       640    0.2335    0.4899    0.2998    0.1584   0.03539   0.03853   0.04604
   136/299      1.2G   0.02841   0.03975   0.04258    0.1107        11       640     0.137    0.7165    0.3244    0.1815   0.03398   0.03621   0.04565
   137/299     1.22G   0.02792   0.03688   0.04481    0.1096         8       640    0.2452     0.529    0.3305    0.1869   0.03341   0.03574   0.04549
   138/299      1.2G   0.02873   0.03909   0.04643    0.1142        17       640    0.2385    0.6256    0.3299    0.1785     0.035    0.0359   0.04549
   139/299      1.2G   0.02857   0.04233   0.04533    0.1162        26       640    0.2633    0.4704     0.335    0.1953   0.03427   0.03384   0.04542
   140/299      1.2G    0.0289   0.03908   0.04634    0.1143         8       640    0.2342     0.667    0.3321    0.1657   0.03848   0.03588   0.04574
   141/299      1.2G   0.03583   0.04169   0.04554    0.1231        22       640    0.3397    0.4965    0.3084    0.1716   0.03655   0.03461   0.04561
   142/299      1.2G   0.03243    0.0391   0.04373    0.1153        18       640    0.3397    0.4965    0.3084    0.1716   0.03655   0.03461   0.04561
   143/299      1.2G   0.03648   0.03698   0.04724    0.1207        17       640    0.3413    0.4736    0.3085    0.1522   0.04047   0.03519   0.04568
   144/299      1.2G   0.03487   0.04519   0.04524    0.1253        22       640    0.1431    0.7097    0.3081    0.1529   0.03976   0.03585   0.04573
   145/299      1.2G   0.03412   0.04367   0.04865    0.1264        14       640    0.1426    0.7073    0.3075    0.1704   0.03562   0.03559   0.04578
   146/299      1.2G   0.02934   0.04442   0.04298    0.1167        36       640    0.3531    0.4668    0.3111    0.1775   0.03368   0.03558   0.04576
   147/299      1.2G   0.02566   0.03633    0.0424    0.1044         9       640    0.4853    0.3676    0.3218    0.1837   0.03341   0.03471   0.04553
   148/299      1.2G   0.02784   0.03461   0.04786    0.1103        13       640    0.3658    0.4548     0.328    0.1887   0.03375   0.03432   0.04541
   149/299      1.2G    0.0285   0.03265   0.04525    0.1064        12       640    0.3832    0.3968    0.3369    0.1804   0.03465    0.0352   0.04542
   150/299      1.2G   0.03086   0.04019    0.0421    0.1132        20       640    0.3852    0.4139     0.334    0.1905   0.03542   0.03419   0.04543
   151/299      1.2G   0.03209    0.0419    0.0456    0.1196        22       640    0.3512    0.4581    0.3362    0.1539   0.03814   0.03507   0.04577
   152/299      1.2G    0.0325   0.03243   0.04368    0.1086        18       640    0.4787    0.3794    0.3296    0.1782   0.03458    0.0353   0.04542
   153/299      1.2G   0.03087   0.03689   0.04617    0.1139        15       640    0.4787    0.3794    0.3296    0.1782   0.03458   0.03529   0.04542
   154/299      1.2G   0.03449   0.04266   0.04305    0.1202        22       640    0.3809    0.3812    0.3257    0.1611   0.03784   0.03622   0.04527
   155/299      1.2G   0.03778   0.03797   0.04579    0.1215        10       640    0.3697    0.3669    0.3148    0.1553   0.03869   0.03628   0.04511
   156/299      1.2G   0.03259   0.03935   0.04717    0.1191        26       640    0.3832      0.38    0.3373    0.1701   0.03647   0.03639   0.04505
   157/299      1.2G   0.02908   0.03986   0.04533    0.1143        17       640    0.1477    0.6743    0.3385    0.1791   0.03468   0.03526   0.04488
   158/299      1.2G   0.02955   0.03701   0.04392    0.1105        11       640    0.3617    0.4321    0.3416    0.1889   0.03402     0.035   0.04484
   159/299      1.2G   0.02749   0.03327   0.04382    0.1046        17       640    0.3695    0.4213    0.3496    0.2048   0.03361   0.03504   0.04465
   160/299      1.2G   0.02758   0.03664    0.0478     0.112        14       640     0.375    0.4264    0.3522    0.1981   0.03374   0.03526   0.04467
   161/299      1.2G   0.02844   0.03823   0.04426    0.1109        23       640    0.3856      0.43    0.3486    0.2109   0.03281   0.03509   0.04447
   162/299      1.2G   0.02733    0.0366   0.04464    0.1086        17       640    0.3651    0.4544    0.3486    0.1865   0.03607   0.03643   0.04446
   163/299      1.2G   0.03132   0.04233   0.04204    0.1157        14       640    0.3623    0.4914    0.3459    0.1873   0.03824   0.03586   0.04427
   164/299      1.2G   0.03791   0.03766   0.04356    0.1191        12       640    0.3623    0.4914    0.3459    0.1873   0.03824   0.03586   0.04427
   165/299      1.2G   0.04248    0.0396   0.04382    0.1259        19       640    0.1436    0.7251    0.3164    0.1617   0.04455   0.03689   0.04418
   166/299      1.2G   0.03882   0.03922   0.04159    0.1196        20       640    0.1465    0.6738    0.3248    0.1662   0.04359   0.03723   0.04413
   167/299      1.2G   0.03386    0.0394   0.04456    0.1178        14       640     0.147    0.7141    0.3233    0.1851    0.0369   0.03738   0.04416
   168/299      1.2G   0.03034   0.03257   0.04592    0.1088        13       640    0.3616    0.4577     0.341    0.1909   0.03472   0.03765   0.04421
   169/299      1.2G   0.02805   0.03306   0.04403    0.1051        17       640    0.3732    0.4801    0.3488     0.193   0.03542    0.0385   0.04444
   170/299      1.2G   0.02874   0.03821    0.0419    0.1089        13       640    0.3635    0.4818    0.3507    0.2011   0.03477   0.03774   0.04464
   171/299      1.2G   0.02835   0.03518   0.04523    0.1088        14       640    0.3666    0.4682    0.3516    0.2008   0.03426   0.03715   0.04445
   172/299      1.2G   0.02367   0.03354   0.04113   0.09834        12       640    0.3752     0.458    0.3545    0.1988     0.035   0.03686   0.04408
   173/299      1.2G   0.02751   0.03627   0.04013    0.1039        14       640    0.3846    0.4486    0.3589    0.2058   0.03449   0.03637   0.04387
   174/299      1.2G   0.02977   0.03514   0.04383    0.1087        15       640    0.4155    0.4098    0.3581    0.1917   0.03614   0.03635   0.04395
   175/299      1.2G   0.02954   0.03774   0.04221    0.1095        18       640    0.4155    0.4098    0.3581    0.1917   0.03614   0.03635   0.04395
   176/299      1.2G   0.03134   0.03474    0.0415    0.1076        13       640    0.4061    0.4098    0.3539    0.1687   0.03959   0.03642   0.04405
   177/299      1.2G   0.02997   0.04039   0.04221    0.1126        19       640     0.413    0.4065    0.3515    0.1766   0.03891   0.03634   0.04419
   178/299      1.2G   0.02717   0.03418   0.04591    0.1073        26       640    0.4061    0.4071     0.352    0.1908   0.03566   0.03642   0.04414
   179/299      1.2G   0.02544   0.03633   0.04129    0.1031        14       640     0.161    0.6889    0.3597     0.206   0.03434   0.03652   0.04402
   180/299      1.2G   0.02713   0.03359   0.04062    0.1013        15       640    0.2851    0.4407    0.3568    0.2034   0.03405    0.0361   0.04399
   181/299      1.2G   0.02635   0.03182   0.04122   0.09938         9       640    0.4078     0.394    0.3628    0.2057    0.0345    0.0364   0.04404
   182/299      1.2G    0.0278   0.03795   0.04044    0.1062        23       640    0.1722    0.7585    0.3576    0.2078    0.0341   0.03554   0.04383
   183/299      1.2G   0.02613   0.03272   0.04252    0.1014        10       640    0.4096    0.4038    0.3636    0.2057   0.03506   0.03653   0.04395
   184/299      1.2G   0.02841   0.03417   0.03798    0.1006        14       640    0.1865    0.7283     0.374    0.2152   0.03595   0.03705   0.04385
   185/299      1.2G    0.0307   0.03811   0.04321     0.112        30       640    0.1702     0.765    0.3762    0.2098    0.0349   0.03629   0.04388
   186/299      1.2G   0.03005   0.03575   0.04041    0.1062        15       640    0.1702     0.765    0.3762    0.2098    0.0349   0.03629   0.04388
   187/299      1.2G   0.03313   0.04007   0.04385     0.117        31       640    0.1686    0.7307    0.3681    0.1856   0.03738   0.03665   0.04395
   188/299      1.2G   0.03388   0.03967   0.04104    0.1146        33       640    0.1669    0.7404    0.3627    0.1778   0.03817   0.03648   0.04403
   189/299      1.2G   0.03151   0.03882   0.04028    0.1106        17       640    0.1762    0.7518    0.3663    0.1977   0.03649   0.03597   0.04382
   190/299      1.2G   0.02793   0.03986   0.04169    0.1095        19       640     0.184    0.7684    0.3784    0.2187   0.03422   0.03569   0.04356
   191/299      1.2G   0.02467    0.0372   0.04052    0.1024        10       640    0.1753    0.7662    0.3726     0.219   0.03364   0.03588   0.04346
   192/299      1.2G   0.02576   0.03692   0.04291    0.1056        17       640    0.1698    0.7664    0.3687    0.2173   0.03313   0.03568   0.04352
   193/299      1.2G   0.02592   0.04051   0.04152    0.1079        29       640    0.3802    0.5266      0.37    0.2197   0.03352   0.03588   0.04356
   194/299      1.2G   0.02526    0.0312   0.04104    0.0975        21       640    0.1585     0.733    0.3626    0.2117   0.03366   0.03671   0.04352
   195/299      1.2G   0.02624     0.036   0.03849    0.1007         9       640    0.1625    0.7008     0.362    0.2108   0.03484   0.03599   0.04337
   196/299      1.2G   0.02835   0.03493   0.04181    0.1051         8       640    0.1535    0.7819    0.3624    0.2078   0.03443   0.03612   0.04371
   197/299      1.2G   0.02817   0.03364    0.0396    0.1014         9       640    0.1535    0.7819    0.3624    0.2078   0.03443   0.03611   0.04371
   198/299      1.2G   0.03301   0.04039   0.04248    0.1159        26       640    0.1593    0.7184     0.357    0.1936   0.03722   0.03615   0.04377
   199/299      1.2G   0.03164   0.03601   0.04162    0.1093        23       640    0.1512    0.6592    0.3551    0.1863   0.03734    0.0361   0.04376
   200/299      1.2G   0.02777   0.03393   0.04008    0.1018        25       640    0.1573    0.6553    0.3539     0.193   0.03557   0.03598   0.04378
   201/299      1.2G   0.02751   0.03143   0.04366    0.1026        14       640    0.1668    0.6266    0.3535    0.2084   0.03472   0.03595   0.04388
   202/299      1.2G   0.02697   0.03808   0.04197     0.107        16       640    0.1602    0.6734     0.359    0.2171   0.03433   0.03521   0.04353
   203/299      1.2G   0.02314   0.03122   0.04023    0.0946        24       640    0.3825    0.4548    0.3625    0.2222   0.03362   0.03538   0.04356
   204/299      1.2G   0.02494   0.03666   0.04295    0.1045        22       640    0.3776    0.5357    0.3589    0.2209   0.03314   0.03569    0.0438
   205/299      1.2G   0.02415   0.03194   0.03756   0.09364        14       640    0.3824    0.5364    0.3538    0.2075   0.03419   0.03676   0.04396
   206/299      1.2G   0.02522   0.03681   0.04069    0.1027        22       640    0.3824    0.5238    0.3552    0.2101   0.03369   0.03636   0.04383
   207/299      1.2G   0.02517   0.03571   0.04114     0.102        26       640    0.3839    0.5323     0.355     0.202   0.03526   0.03773   0.04371
   208/299      1.2G   0.02804   0.03522      0.04    0.1033        22       640    0.3839    0.5323     0.355     0.202   0.03526   0.03775   0.04371
   209/299      1.2G   0.03014   0.03285   0.04063    0.1036        13       640    0.2809    0.5323    0.3507    0.1854    0.0381   0.03887   0.04362
   210/299      1.2G   0.03441   0.03454   0.04273    0.1117        24       640    0.3856    0.5198    0.3533    0.1842   0.03819   0.03881   0.04359
   211/299      1.2G   0.02888    0.0369   0.03956    0.1053        19       640     0.385    0.5265    0.3493    0.1992   0.03544   0.03862   0.04363
   212/299      1.2G   0.02678   0.03263   0.04359     0.103        17       640    0.3916    0.5072    0.3516    0.2136   0.03353   0.03775   0.04365
   213/299      1.2G   0.02369   0.03995   0.04012    0.1038        15       640    0.4013    0.4505    0.3457    0.2127   0.03353   0.03715   0.04368
   214/299      1.2G   0.02534   0.03415   0.04094    0.1004        22       640    0.2897    0.5302    0.3552    0.2105   0.03355   0.03719   0.04399
   215/299      1.2G   0.02401   0.03609    0.0406    0.1007        19       640    0.2995    0.5396    0.3564    0.2081   0.03355    0.0369   0.04415
   216/299      1.2G    0.0255   0.03526   0.03934    0.1001        19       640    0.2955    0.5422    0.3593    0.2048   0.03353   0.03714   0.04408
   217/299      1.2G   0.02466    0.0357   0.04021    0.1006        15       640    0.3873    0.5252    0.3655    0.2163    0.0328   0.03692   0.04388
   218/299      1.2G   0.02502   0.03545   0.03863    0.0991        21       640    0.2793    0.5139    0.3667    0.2136   0.03432   0.03745   0.04366
   219/299      1.2G    0.0255   0.03978    0.0388    0.1041        32       640    0.2793    0.5139    0.3667    0.2136   0.03432   0.03746   0.04366
   220/299      1.2G   0.02692   0.03895   0.03977    0.1056        34       640    0.2783    0.5041    0.3674    0.2128   0.03578   0.03768   0.04354
   221/299      1.2G   0.02768   0.04094   0.04099    0.1096        21       640    0.2751    0.5052    0.3673     0.213   0.03566   0.03745   0.04349
   222/299      1.2G   0.02495   0.03284   0.03881    0.0966        16       640    0.3926    0.4207    0.3706    0.2208   0.03401   0.03722   0.04339
   223/299      1.2G   0.02183   0.03162   0.03714   0.09059        22       640    0.1693    0.6789    0.3734    0.2202   0.03338   0.03681   0.04315
   224/299     1.14G   0.02358   0.03399    0.0398   0.09738        16       640    0.2813    0.5283    0.3776    0.2203   0.03328   0.03664   0.04301
   225/299     1.14G   0.02435   0.03332   0.04101   0.09868        13       640    0.2842    0.5286    0.3799    0.2234   0.03321   0.03627   0.04293
   226/299     1.14G   0.02354    0.0321   0.03913   0.09477        11       640    0.1748    0.7899     0.384    0.2284   0.03321   0.03658   0.04309
   227/299     1.14G   0.02502   0.03369   0.03999    0.0987        23       640    0.1761     0.801    0.3863    0.2223   0.03347   0.03706   0.04311
   228/299     1.14G   0.02493   0.03355   0.03665   0.09514        14       640     0.177     0.801    0.3803    0.2115   0.03498    0.0379   0.04327
   229/299     1.14G   0.02657   0.03748   0.03825    0.1023        29       640    0.3903    0.5811    0.3828    0.2308   0.03315   0.03687   0.04312
   230/299     1.14G    0.0263   0.03268   0.04067   0.09966         9       640    0.3903    0.5811    0.3828    0.2308   0.03315   0.03687   0.04312
   231/299     1.14G   0.02756    0.0337   0.03905    0.1003        20       640    0.3946    0.5781    0.3874     0.232   0.03387   0.03688   0.04302
   232/299     1.14G     0.027   0.03379   0.03881    0.0996        11       640    0.3989    0.5768    0.3917    0.2338   0.03392   0.03716   0.04306
   233/299     1.14G   0.02461   0.03113   0.03916   0.09491        14       640    0.3975    0.5752    0.3897    0.2388   0.03322   0.03727   0.04286
   234/299     1.14G   0.02474   0.03481   0.03712   0.09667        15       640    0.4138    0.4829    0.3947    0.2349    0.0332   0.03741   0.04265
   235/299     1.14G   0.02406   0.03484   0.03881   0.09771        17       640    0.4216     0.482    0.3954    0.2325   0.03349   0.03838   0.04268
   236/299     1.14G   0.02441   0.03591   0.03569     0.096        19       640    0.4275     0.484    0.3985    0.2362   0.03364   0.03839   0.04244
   237/299     1.14G   0.02641   0.03044   0.03543   0.09228         9       640    0.4044    0.5533    0.3893    0.2293   0.03339   0.03758   0.04219
   238/299     1.14G   0.02423   0.03128   0.03891   0.09443        24       640     0.445    0.5011    0.3955    0.2425   0.03268   0.03712   0.04206
   239/299     1.14G   0.02541    0.0336   0.03901   0.09802        11       640     0.207    0.6988    0.3868    0.2211   0.03438    0.0378   0.04221
   240/299     1.14G   0.02485   0.03353   0.04107   0.09945        20       640    0.2234    0.6592    0.3891    0.2304    0.0332   0.03726   0.04215
   241/299     1.14G   0.02481   0.03764   0.03795    0.1004        24       640    0.2234    0.6592    0.3891    0.2304    0.0332   0.03726   0.04215
   242/299     1.14G   0.02619   0.03521   0.03873    0.1001        18       640    0.2183    0.6671    0.3914    0.2237    0.0339   0.03744   0.04219
   243/299     1.14G   0.02608   0.03313   0.03812   0.09733         9       640    0.3966     0.572    0.3916     0.223   0.03408   0.03722   0.04215
   244/299     1.14G   0.02482   0.03396   0.04087   0.09965        18       640    0.4031    0.4946      0.39    0.2314    0.0332   0.03738   0.04226
   245/299     1.14G   0.02432   0.03363   0.03653   0.09448        20       640    0.4035    0.4978    0.3788    0.2223   0.03341   0.03766   0.04224
   246/299     1.14G   0.02474   0.03294   0.03962    0.0973        12       640     0.405    0.4872     0.373     0.217   0.03365    0.0379   0.04226
   247/299     1.14G   0.02284   0.03385   0.03786   0.09455        21       640    0.4032    0.4863    0.3746    0.2212    0.0336   0.03771   0.04203
   248/299     1.14G   0.02424    0.0319   0.03761   0.09374        11       640    0.2077    0.6741    0.3812    0.2233   0.03391   0.03749   0.04182
   249/299     1.14G   0.02342   0.03432   0.04024   0.09797        20       640    0.4019    0.5247    0.3825    0.2272   0.03394    0.0371   0.04172
   250/299     1.14G   0.02421   0.03251   0.03846   0.09519        16       640    0.2126    0.6978      0.39    0.2294   0.03437   0.03736   0.04173
   251/299     1.14G   0.02544   0.03253   0.03787   0.09583        13       640    0.2063    0.6473    0.3801    0.2199   0.03449   0.03739   0.04161
   252/299     1.14G   0.02486    0.0356   0.03827   0.09874         7       640    0.2063    0.6473    0.3801    0.2199   0.03449   0.03738   0.04161
   253/299     1.14G   0.02347   0.02777   0.03723   0.08847         7       640    0.2053    0.6586    0.3738    0.2135   0.03543   0.03765   0.04153
   254/299     1.14G   0.02484   0.03194   0.04149   0.09827        13       640    0.2017    0.6569    0.3751    0.2153   0.03552   0.03761   0.04144
   255/299     1.14G    0.0252   0.03583   0.03719   0.09823        30       640       0.2    0.6883    0.3789    0.2209   0.03449   0.03692   0.04139
   256/299     1.14G   0.02541   0.03391   0.04217    0.1015        24       640    0.2055    0.5343    0.3825    0.2288   0.03341   0.03648   0.04142
   257/299     1.14G   0.02528   0.03383   0.03819    0.0973        27       640    0.2005    0.6701    0.3869    0.2273   0.03347   0.03661   0.04142
   258/299     1.14G   0.02402    0.0346    0.0377   0.09633        22       640    0.2127    0.6789    0.3794     0.223   0.03343     0.037   0.04142
   259/299     1.14G   0.02223   0.03034   0.03947   0.09204        14       640    0.2139    0.6675     0.376    0.2204    0.0332   0.03717   0.04149
   260/299     1.14G    0.0246   0.03548   0.03725   0.09733        13       640    0.2198    0.6646    0.3898    0.2284   0.03356   0.03687   0.04137
   261/299     1.14G   0.02272   0.03104   0.03748   0.09124         9       640    0.2301     0.663    0.3853     0.226   0.03326    0.0375   0.04134
   262/299     1.14G    0.0254   0.03452   0.03848    0.0984        26       640    0.2204     0.694    0.3904    0.2325   0.03372   0.03718   0.04129
   263/299     1.14G   0.02304   0.03704   0.03641   0.09649        15       640    0.2204     0.694    0.3904    0.2325   0.03372   0.03718   0.04129
   264/299     1.14G    0.0251   0.03232   0.03857     0.096        25       640    0.2341    0.6926    0.3984    0.2352    0.0344   0.03729   0.04122
   265/299     1.14G    0.0232   0.03397   0.03753   0.09471        15       640    0.2731    0.6662    0.3999    0.2384   0.03431   0.03714   0.04114
   266/299     1.14G   0.02288   0.03359   0.03606   0.09253        20       640     0.272    0.6967    0.4075    0.2459   0.03361   0.03711   0.04104
   267/299     1.14G   0.02429   0.03391   0.03746   0.09566        30       640    0.2639    0.7022    0.4025    0.2374   0.03342   0.03707   0.04096
   268/299     1.14G   0.02315   0.03235   0.03318   0.08868        12       640    0.4014    0.5656    0.3982    0.2331    0.0331   0.03691   0.04088
   269/299     1.14G   0.02309   0.03595   0.03878   0.09782        25       640    0.2159    0.7235    0.4012    0.2342   0.03346   0.03713   0.04084
   270/299     1.14G   0.02392   0.03402   0.03899   0.09693        19       640    0.1916    0.7639    0.3948    0.2325    0.0331   0.03715   0.04079
   271/299     1.14G   0.02424   0.03422   0.04056   0.09902        19       640    0.1906    0.7839    0.3923    0.2296   0.03384   0.03735   0.04079
   272/299     1.14G     0.024   0.03093   0.03687    0.0918        18       640    0.1919    0.7939    0.3927    0.2326   0.03333   0.03741   0.04083
   273/299     1.14G   0.02114   0.02956   0.03707   0.08777        11       640    0.2054    0.7614    0.3963    0.2341   0.03372   0.03752   0.04097
   274/299     1.14G   0.02344   0.03498   0.03811   0.09653        30       640    0.2054    0.7614    0.3963    0.2341   0.03372   0.03753   0.04097
   275/299     1.14G   0.02199   0.03042   0.03597   0.08838         8       640    0.2535    0.7022    0.3943    0.2357   0.03403   0.03773   0.04098
   276/299     1.14G    0.0218   0.03036   0.03857   0.09073        11       640    0.2762    0.6846     0.397    0.2378   0.03398   0.03762   0.04086
   277/299     1.14G   0.02324   0.03338   0.03668    0.0933        31       640    0.2437    0.7118    0.3997    0.2394   0.03366   0.03746   0.04086
   278/299     1.14G   0.02454   0.03915   0.03936    0.1031        13       640    0.2205    0.7557    0.3977    0.2368   0.03348   0.03722   0.04087
   279/299     1.14G   0.02321   0.03248   0.03602   0.09172        25       640    0.2411    0.7053    0.3947    0.2356   0.03317   0.03703    0.0408
   280/299     1.14G   0.02476   0.03084    0.0379    0.0935        29       640    0.2415     0.694    0.3909    0.2347   0.03299   0.03677   0.04075
   281/299     1.14G   0.02416   0.03607   0.03755   0.09778        27       640    0.1973    0.8235    0.3934    0.2339   0.03357   0.03711   0.04081
   282/299     1.14G   0.02251   0.03409   0.03759   0.09419        25       640    0.1954    0.8121    0.3897    0.2327   0.03319   0.03702   0.04075
   283/299     1.14G   0.02382   0.03357   0.03435   0.09174        25       640    0.1925    0.8253    0.3909    0.2321   0.03411   0.03696   0.04067
   284/299     1.14G   0.02365    0.0327   0.03979   0.09614        27       640    0.1956    0.7981    0.3888    0.2301   0.03326   0.03668   0.04077
   285/299     1.14G    0.0229   0.02973    0.0342   0.08683         3       640    0.1956    0.7981    0.3888    0.2301   0.03326   0.03668   0.04077
   286/299     1.14G   0.02196   0.02845   0.03915   0.08956        22       640    0.2005    0.7981    0.3913    0.2312   0.03351   0.03671   0.04085
   287/299     1.14G   0.02305   0.03485   0.03867   0.09656        15       640    0.2008    0.7978    0.3876    0.2291   0.03356   0.03664   0.04095
   288/299     1.14G   0.02245   0.03174   0.03886   0.09305        20       640    0.1933    0.8013    0.3861    0.2286   0.03367   0.03671   0.04109
   289/299     1.14G   0.02485   0.03084   0.03683   0.09252        12       640    0.1956    0.7882    0.3854    0.2265   0.03388   0.03686   0.04117
   290/299     1.14G   0.02449   0.03891   0.03791    0.1013        29       640    0.1989    0.7981     0.389    0.2294   0.03356   0.03694   0.04124
   291/299     1.14G   0.02337    0.0332   0.03707   0.09363        21       640    0.2332    0.7293    0.4013    0.2396   0.03367   0.03702   0.04111
   292/299     1.14G   0.02191   0.03134     0.038   0.09125        12       640    0.4382    0.4879    0.4042     0.241   0.03323   0.03698   0.04105
   293/299     1.14G   0.02282   0.03236   0.03632    0.0915        20       640    0.4477    0.4811     0.406    0.2409   0.03384   0.03708   0.04093
   294/299     1.14G   0.02212   0.03117   0.03761    0.0909         9       640    0.4485    0.4822    0.4055    0.2413    0.0333   0.03723   0.04083
   295/299     1.14G   0.02392   0.03622   0.03964   0.09978        28       640    0.4416    0.4798    0.4068    0.2399   0.03403   0.03714   0.04075
   296/299     1.14G   0.02362   0.02973   0.03631   0.08966        10       640    0.4416    0.4798    0.4068    0.2399   0.03403   0.03714   0.04075
   297/299     1.14G   0.02297   0.02866    0.0331   0.08473        11       640    0.4385    0.4768    0.4079    0.2363   0.03463   0.03704   0.04075
   298/299     1.14G   0.02385   0.03111   0.03916   0.09411         9       640    0.4408    0.4753    0.4005    0.2314   0.03434   0.03711   0.04073
   299/299     1.14G   0.02231    0.0332   0.03375   0.08926        10       640    0.2518    0.7214    0.4012     0.237   0.03371   0.03704   0.04056
